node,x,y
A BASAK,-65.367,110.36
A GAYTAN,242.37,34.514
"A. Sullivan, Michael A.",-217.92,-198.78
ADAM GILESKI,-277.08,-132.8
AGOSTINO FUSCONI,387.06,-100.88
AKIKO MITSUI,-13.039,88.779
AKIRA IEDA,243.53,-98.901
ALAIN BUTERY,843.73,701.76
ALAN PETERSEN,-326.82,-164.89
ALEXANDER CAPPELLO,-120.83,134.36
ALFRED PLOTKIN,-184.04,58.121
ALFREDO LARREA-FALCONY,85.036,-102.61
ALLAN BROWN,278.18,-267.59
AM TARANTOLA,383.97,-116.83
AMIT ARORA,-2.9491,-274.3
ANDRE STERN,-218.18,-20.602
ANDREA PEDERZOLLI,-218.38,-14.103
ANDREAS GINTSCHEL,-234.69,66.799
ANDREI EVTIMOV,-161.15,-287.84
ANDREI ZAVIDONOV,-223.34,192.04
ANDREW CLASTER,118.54,-198.08
ANDREW HAUSER,241.91,145.81
ANDREW MARQUEZ,154.53,41.607
ANDREW WASIBURD,-158.05,-256.39
ANDY MESSIER,239.74,-111.44
ANNA LUSARDI,-7.0358,141.74
ANNA MEYENDORFF,182.64,-134.28
ANNA SANZ DE GALDEANO,284.37,94.504
ANNA TRAVIS,-29.373,245.84
ANNE VALETTE,181.17,-350.62
ANTHONY MARCIANO,-22.47,-263.71
ANTHONY NEOH,152.74,-28.916
ANTONY THOMPSON,234.26,-286.9
AR RADHAKRISHNAN,5.7476,183.97
ARI WEINBERGER,-148.24,-28.85
ART DENZAU,-106.54,-293.2
ASHLEY HUBKA,128.87,-188.07
"ASQUITH, PAUL",-95.767,-15.982
ATINDRA BARUA,163.88,-86.386
"Aadland, David M.",30.397,266.53
"Abadir, Karim Maher",-39.655,237.95
"Abarbanell, Jeffery S.",104.74,128.07
"Abate, James A.",9.3556,597.93
"Abel, Andrew B.",-49.788,99.701
"Abramitzky, Ran",-303.4,57.551
"Abrams, Burton A.",126.06,-340.16
"Abreu, Dilip",-9.2335,111.06
"Acemoglu, Daron",257.87,-6.4287
"Acerbi, Carlo",-250.63,-354.59
"Acharya, Viral V.",16.797,-35.432
"Ackermann, Carl",-8.1702,-416.5
"Ackert, Lucy F.",-149.15,-279.17
"Adam, Klaus",142.94,150.2
"Adam, Tim R.",6.8755,-92.699
"Adams, Mike B.",-343.47,-56.589
"Adams, Renée Birgit",23.117,-133.68
"Adams, Robert M.",246.66,-118.93
"Admati, Anat R.",-110.36,36.99
"Adolfson, Malin",309.49,-57.195
"Aerts, Marc Goov",261.46,-264.52
"Affleck-Graves, John F.",-186.48,-9.4624
"Agarwal, Sumit",102.22,-187.6
"Agarwal, Vikas",-84.83,-9.7092
"Agbetsiafa, Douglas K.",-278.13,174.85
"Agell, Jonas",19.7,436.94
"Aggarwal, Rajesh K.",-63.831,-93.58
"Aggarwal, Reena",36.728,-158.47
"Aghion, Philippe",98.456,-227.61
"Agnew, Julie Richardson",-130.96,-200.37
"Agrawal, Anup",-54.399,-281.96
"Agrawal, Deepak",-199.46,39.914
"Aguiar, Mark",47.114,121.72
"Ahmed, Anwer S.",-298.85,-82.25
"Ahn, Dong Hyun",-192.67,99.987
"Ahn, HeeJoon",-357.09,-117.24
"Ahn, Seoungpil",-89.207,-157.52
"Aisen, Ari",8.1215,384.51
"Aitken, Michael J.",210.48,168.9
"Aivazian, Varouj A.",-307.46,238.9
"Aizenman, Joshua",208.3,10.174
"Akdoĝu, Evrim",-63.738,-149.13
"Akhigbe, Aigbe O.",501.6,1017.7
"Al-muharrami, Saeed M.",620.73,879.49
"Alawode, Abayomi A.",142.36,-201.06
"Albanese, Claudio",-130.53,118.07
"Albuquerque, Rui",-56.82,81.091
"Alderson, Michael J.",-138.83,-116.17
"Alencar, Leonardo S.",226.41,-288.7
"Alesina, Alberto F.",89.702,114.48
"Alessie, Rob J.M.",361.55,33.366
"Alexander, Carol O.",-5.833,225.39
"Alexander, Gordon J.",-33.408,-165.25
"Alexander, S.",-381.06,939.96
"Alford, Andrew W.",-147.61,13.54
"Ali, Ashiq",-33.083,-357.74
"Allayannis, George",-18.828,-119.46
"Allen, Franklin",67.439,-41.422
"Allen, Jeffrey W.",-251.01,-169.46
"Allen, Linda",110.22,-6.7887
"Allen, William A.",273.66,127.18
"Allen, William T.",-101.59,77.583
"Almazan, Andres",11.114,-87.821
"Almeida, Heitor V.",-0.76437,-67.721
"Alphonse, Pascal",-45.23,223.26
"Alston, Lee J.",-174.55,192.65
"Alti, Aydoǧan",-36.998,-83.551
"Altig, David E.",139.74,-276.74
"Altman, Edward I.",34.524,-55.166
"Alvarez, Fernando E.",-67.873,93.599
"Amador, Manuel",-173.16,90.043
"Amato, Jeffery D.",70.178,-298.23
"Ambrose, Brent William",95.903,-192.29
"Amel, Dean F.",199.39,-180.87
"Amenc, Noël",-152.09,129.32
"Ameriks, John",-104.63,-230.02
"Amihud, Yakov",-24.088,-84.245
"Amilon, Henrik",-231.0,269.0
"Amir, Eli",-217.67,-221.11
"Amit, Raphael Raffi",32.646,-16.968
"Ammann, Manuel",-215.29,221.09
"Ammer, John",-76.47,184.47
"Amoako-Adu, Ben",156.91,-270.94
"Amromin, Gene",-202.34,39.149
"Anand, Amber",-200.03,-4.0395
"Anari, Ali",138.65,-173.14
"Andersen, Leif B.G.",99.69,-401.37
"Andersen, Torben G.",-88.452,87.145
"Andersen, Torben M.",-713.4,-582.32
"Anderson, Anne Marie",-100.41,-275.14
"Anderson, Axel",6.6673,206.69
"Anderson, Christopher W.",12.814,-161.11
"Anderson, Elizabeth Scott",-365.12,-316.68
"Anderson, Evan W.",9.6872,103.1
"Anderson, Heather M.",203.19,158.98
"Anderson, Kirsten",-160.77,-209.34
"Anderson, Richard G.",142.81,180.36
"Anderson, Robert M.",84.713,-335.57
"Andersson, Magnus",-121.9,223.68
"Andrade, Gregor",-2.8301,79.871
"Andreani, Ettore",890.44,455.94
"Andreasen, Jesper",-252.7,8.3587
"Andrews, Peter",167.48,163.53
"Andrés, Javier",163.28,186.54
"Ang, Andrew",-50.188,-0.96908
"Angel, James J.",-8.9688,-224.37
"Angelini, Paolo",165.69,-81.946
"Anglin, Paul M.",62.133,-444.76
"Angrist, Joshua D.",280.46,-46.798
"Annaert, Jan",-30.674,857.55
"Ansari, Asim",70.457,109.7
"Antoniou, Antonios",771.5,-123.72
"Antweiler, Werner",-111.7,-17.327
"Aoki, Kosuke",138.75,89.601
"Apel, Mikael",29.29,351.93
"Apilado, Vincent P.",951.6,137.68
"Aragó, Vicent",-358.79,606.74
"Arellano, Manuel",254.12,-75.526
"Arikan, Asli M.",68.157,-13.151
"Arlen, Jennifer H.",-226.61,-146.69
"Armstrong, Vaughn S.",-280.72,-130.02
"Arnold, Tom",-18.42,-231.5
"Arnott, Richard J.",45.791,-215.87
"Arora, Navneet",-147.92,100.04
"Arping, Stefan",135.46,-167.22
"Arslanalp, Serkan",-184.25,-6.9391
"Artis, Michael J.",341.62,48.952
"Aruǧaslan, Onur",55.177,-287.43
"Arzac, Enrique R.",-90.146,101.98
"Ashcraft, Adam B.",146.73,-35.434
"Ashenfelter, Orley C.",-125.28,119.99
"Asness, Clifford S.",-79.281,64.004
"Asparouhova, Elena",-223.06,-179.29
"Asquith, Daniel",-177.84,-34.409
"Assarsson, Bengt",3.9717,436.68
"Assoé, Kodjovi",-20.209,-308.1
"Aste, Tomaso",-77.164,306.91
"Atanasov, Vladimir",-94.038,-168.62
"Atanasova, Christina V.",-591.06,-660.04
"Athanassakos, George",-124.36,-320.14
"Atiase, Rowland K.",149.56,-405.99
"Atkeson, Andrew G.",-140.7,156.2
"Atoian, Rouben",329.87,-55.782
"Attanasio, Orazio P.",-25.997,117.82
"Attari, Mukarram",66.422,17.368
"Attig, Najah",29.776,-104.18
"Au, Andrea S.",-114.92,-36.836
"Audrino, Francesco",-332.09,-98.651
"Auerbach, Alan J.",93.87,-25.065
"Auernheimer, Leonardo",382.96,274.34
"Ausubel, Lawrence M.",265.47,-80.701
"Avellaneda, Marco M.",-189.36,57.076
"Avery, Robert B.",137.73,-85.609
"Avramov, Doron",-42.162,-13.662
"Axelson, Ulf",-22.87,-88.628
"Ayadi, Mohamed A.",-203.33,-154.62
"Ayers, Benjamin C.",-180.28,-70.863
"Ayotte, Kenneth M.",40.827,-159.25
"Ayuso, Juan",200.36,-9.0504
"Azoulay, Pierre",54.547,-333.54
"Aït-Sahalia, Yacine",28.195,83.092
B CHAN,-89.334,244.06
B HOUVARDAS,-194.83,301.35
BARRY JOHNSTON,236.12,42.494
BASIL PETROU,177.54,-304.71
BEN ROSS,41.002,43.282
BERT SCHOONBEEK,-139.62,-682.24
"BHATTACHARYA, SUDIPTO",84.825,-20.238
"BICKSLER, JAMES L.",-4.9274,-253.05
BILL HOOD,303.1,-195.91
BIRGIT UHLENBROCK,356.58,-62.172
BJOERN CHRISTENSEN,-28.364,-328.76
BONNIE CLARK MOSKOWITZ,-51.247,-163.22
BPS MURTHI,-120.04,-241.9
BRIAN SLINGERLAND,-250.6,-59.035
BRITT TUNICK,-139.7,-223.99
BRYAN LINCOLN,-105.19,-213.78
BRYAN TAYLOR,82.023,-387.4
"Bacchetta, Philippe",126.39,-190.53
"Bacidore, Jeffrey M.",-29.653,-173.72
"Back, Kerry",-75.717,-90.134
"Backman, Michael",158.97,90.464
"Backus, David K.",-92.359,29.259
"Bae, Youngsoo",-59.92,288.42
"Baek, Jaeseung",60.409,-121.72
"Baer, Herbert L.",207.87,-56.703
"Bagella, Michele",194.02,-188.74
"Baglioni, Angelo",249.85,-111.16
"Bai, Jushan",36.345,147.2
"Bailey, Warren",-59.038,-55.23
"Baird, Douglas G.",63.74,-17.68
"Baker, George P.",-116.86,-194.34
"Baker, Malcolm P.",-18.34,-26.855
"Baks, Klaas P.",-196.7,81.794
"Bakshi, Gurdip S.",2.3115,19.501
"Balakrishnan, Narayanaswamy",-639.6,-371.68
"Balduzzi, Pierluigi",39.638,-21.795
"Baldwin, Carliss Y.",114.39,-19.91
"Bali, Turan G.",-37.735,41.491
"Baliga, Sandeep",157.82,-145.46
"Ball, Clifford A.",-87.556,-145.79
"Ball, Laurence M.",188.86,195.23
"Ball, Ray",-165.55,-0.24346
"Balyeat, R. Brian",1072.4,428.32
"Bamber, Linda Smith",264.25,-332.89
"Banasik, John",-419.6,-951.68
"Bandi, Federico M.",-144.66,154.4
"Banerjee, Abhijit V.",80.545,-86.405
"Banerjee, Anindya",335.47,69.315
"Banerjee, Priyodorshi",222.22,-211.36
"Banerjee, Suman",-5.7345,-175.17
"Banerji, Sanjay",87.683,4.1486
"Bange, Mary M.",-113.46,-159.03
"Bankman, Joseph",-174.76,-98.786
"Bansal, Ravi",-19.119,38.952
"Baptista, Alexandre M.",-118.84,43.772
"Barajas, Adolfo",207.03,-170.84
"Barandiarán, Edgardo",-213.44,-82.055
"Barber, Brad M.",-113.65,-68.444
"Barberis, Nicholas C.",-24.586,-27.453
"Barclay, Michael J.",-114.13,-20.88
"Bardenhewer, Martin M.",-308.46,46.794
"Bareket, Moshe",-170.56,75.66
"Barigozzi, Francesca",545.07,-343.23
"Barkoulas, John T.",280.76,-286.71
"Barkume, Anthony J.",-147.13,-231.3
"Barlevy, Gadi",228.37,187.99
"Barnes, Colleen",226.88,-182.28
"Barnes, Michelle L.",142.41,-67.196
"Barnett, William A.",274.68,262.51
"Barone-Adesi, Giovanni",56.512,123.54
"Barr, David G.",691.88,-71.991
"Barrett, W. Brian",-66.75,123.59
"Barro, Robert T.",32.462,97.308
"Barron, Orie E.",-32.996,-265.58
"Barry, Christopher B.",-137.41,-170.27
"Barsky, Robert B.",103.87,164.89
"Barth, James R.",84.481,-68.577
"Bartholomew, Philip F.",109.79,248.0
"Bartolini, Leonardo",263.26,10.227
"Bartov, Eli L.I.",252.66,37.902
"Bartram, So¨hnke M.",-103.45,-210.33
"Baruch, Shmuel",-103.36,-120.29
"Basak, Suleyman",7.0924,44.65
"Bassett, Gilbert W.",-260.23,-145.02
"Bassett, William F.",167.04,-75.867
"Basu, Kunal",-100.16,-264.18
"Basu, Sudipta",-244.9,-46.457
"Basu, Susanto",115.5,157.36
"Bates, David S.",-75.79,54.437
"Bates, Thomas W.",-69.6,-165.79
"Batini, Nicoletta",173.42,273.76
"Battaglini, Marco",113.67,-188.46
"Battalio, Raymond C.",181.59,-17.365
"Battalio, Robert H.",-59.452,-117.74
"Bauer, Gregory H.",-81.11,100.61
"Bauer, Keldon J.",72.465,-300.35
"Bauer, Larry L.",-198.22,51.669
"Bauer, Paul W.",284.07,-117.86
"Bauer, Rob M.M.J.",-0.66416,128.66
"Bauer, Wolfgang",36.227,-134.24
"Baum, Christopher F.",197.51,-215.11
"Baumann, Renato",257.38,-256.44
"Baumann, Ursel",167.48,42.064
"Baxter, B. J.C.",149.75,-247.59
"Bayoumi, Tamim A.",226.74,211.48
"Bean, Charles R.",222.97,167.84
"Beatty, Anne L.",56.449,-122.67
"Beatty, Randolph P.",-155.25,-21.589
"Beaulieu, Nancy D.",-165.47,-291.23
"Beaver, William H.",-198.08,-39.927
"Bebchuk, Lucian A.",-47.172,-105.18
"Beber, Alessandro",-172.12,50.894
"Beccalli, Elena",289.61,-90.778
"Becchetti, Leonardo",188.19,-196.99
"Becher, David A.",42.597,-172.89
"Becht, Marco",-225.02,-59.998
"Beck, Thorsten",76.814,-92.752
"Becker, Bo",-146.47,-95.346
"Becker, Torbjörn",178.2,-143.57
"Beetsma, Roel M.W.J.",287.19,73.895
"Beine, Michel",-214.68,1.9915
"Beirlant, Jan",-924.6,-91.68
"Beja, Avraham",-273.13,-56.562
"Bekaert, Geert",-2.8813,-3.4287
"Belaire-Franch, Jorge",126.73,-680.51
"Bell, Clive",203.23,-77.889
"Belongia, Michael T.",266.08,249.54
"Beltratti, Andrea E.",340.4,-931.68
"Beltz, Jess",51.329,-170.54
"Benartzi, Shlomo",-79.004,15.05
"Benati, Luca",91.232,92.336
"Benediktsdóttir, Sigrídur",71.105,150.35
"Benet, Bruce A.",-691.06,-180.04
"Benhabib, Jess",258.28,-22.95
"Benigno, Pierpaolo",232.66,181.35
"Benmelech, Efraim",138.94,33.925
"Bennardo, Alberto",116.25,20.694
"Bennett, James A.",-146.49,-286.99
"Bennett, Paul",113.89,-6.5054
"Benninga, Simon Z.",-349.1,69.215
"Bens, Daniel A.",-118.3,53.648
"Benston, George J.",-0.73226,-13.438
"Bentolila, Samuel",252.52,-89.566
"Benveniste, Lawrence M.",-169.09,-224.85
"Benzoni, Luca",-45.683,-29.582
"Berg, Andrew G.",115.5,107.09
"Berg, Joyce E.",-229.73,-142.63
"Bergen, Mark E.",165.72,189.54
"Bergendahl, Göran",334.27,-256.27
"Berger, Allen N.",85.126,-73.752
"Berger, Philip G.",49.459,135.62
"Bergin, Paul R.",106.19,298.04
"Berglof, Erik",132.35,-18.152
"Berglund, Tom",-102.98,102.63
"Bergman, Nittai K.",-111.57,58.252
"Bergstresser, Daniel",16.02,-17.406
"Bergström, Clas",-101.29,-187.8
"Berk, Jonathan B.",-62.514,-74.875
"Berkelaar, Arjan B.",-60.364,90.471
"Berkman, Henk",92.137,86.917
"Berkovec, James A.",254.87,-236.41
"Berkovitch, Elazar",-119.41,-63.869
"Berkowitz, Dan",155.38,-248.85
"Berkowitz, Jeremy",40.571,128.99
"Berkowitz, Michael K.",-265.65,149.54
"Berlin, Mitchell",159.63,-79.489
"Berliner, Joseph S.",-90.35,235.58
"Bernanke, Ben S.",80.069,65.294
"Bernardo, Antonio E.",-26.927,18.782
"Bernhardt, Dan",-54.968,-46.925
"Bernheim, B. Douglas",-166.11,-189.35
"Berry, Tammy L.",125.56,-176.19
"Bertaut, Carol C.",-37.694,86.083
"Bertola, Giuseppe",337.61,62.832
"Bertoneche, Marc L.",-79.266,73.83
"Bertrand, Marianne",0.99506,-148.18
"Bessembinder, Hendrik",-80.835,-104.74
"Bessen, James E.",-189.57,-41.835
"Bessler, David A.",-55.688,277.58
"Bethel, Jennifer E.",-244.79,-205.45
"Betker, Brian L.",-149.87,-82.63
"Bettis, J. Carr",-105.37,-204.02
"Bhabra, Harjeet Singh",68.649,-279.12
"Bhagat, Sanjai",-76.119,-67.075
"Bhamra, Harjoat S.",-106.63,59.094
"Bhanot, Karan",-124.06,-105.41
"Bharath, Sreedhar T.",-193.69,24.887
"Bhattacharya, Utpal",79.256,-70.215
"Bhattacharyya, Nalinaksha",-239.44,-162.83
"Bhattacharyya, Sugato",-43.236,-104.09
"Bhidé, Amar V.",-263.37,-40.775
"Biais, Bruno",77.872,-31.667
"Bianco, Magda",146.85,-63.335
"Bick, Avi",36.694,132.58
"Bierman, Harold",-197.88,-69.76
"Biggs, Tyler",158.23,-195.65
"Biktimirov, Ernest N.",-263.81,-92.92
"Billett, Matthew T.",-13.995,-113.69
"Billi, Roberto M.",137.03,154.46
"Biloski, Alan J.",-100.45,100.15
"Bils, Mark",-86.931,-291.43
"Bindseil, Ulrich",233.53,212.0
"Birchler, Urs W.",138.5,235.57
"Birge, John R.",-79.209,118.41
"Bisignano, Joseph",222.71,-74.4
"Bisière, Christophe",77.158,206.19
"Bitler, Marianne P.",33.081,-28.496
"Bittlingmayer, George",134.01,-363.78
"Bizjak, John M.",-109.54,-186.36
"Bjønnes, Geir Høidal",55.845,54.055
"Black, Bernard S.",-129.36,-31.248
"Black, Lamont K.",162.2,-99.638
"Blackwell, David W.",-145.55,-266.13
"Blader, Steven L.",4.2014,-207.18
"Blanchard, Olivier Jean",88.932,32.253
"Blanco, Roberto",178.7,54.418
"Blazenko, George W.",-171.44,-379.89
"Blejer, Mario I.",317.81,-92.154
"Blinder, Alan S.",92.004,243.98
"Bliss, Robert R.",97.495,44.142
"Blitzer, Charles R.",300.74,-159.89
"Bloomfield, Robert J.",-149.35,-87.287
"Blouin, Jennifer L.",-179.94,-54.277
"Blum, Andrew",-147.46,-217.73
"Blum, Jürg M.",188.22,30.089
"Blume, Marshall E.",-102.32,99.095
"Blundell, Richard W.",139.94,131.1
"Blöchlinger, Andreas",-60.666,-363.83
"Board, John L.G.",56.141,71.143
"Bodenhorn, Howard N.",131.95,-262.07
"Bodie, Zvi",16.556,-139.09
"Bodnar, Gordon M.",-0.39656,-303.68
"Bodnaruk, Andriy",89.676,-293.95
"Boehmer, Beatrice",-56.354,-269.31
"Boehmer, Ekkehart",-21.896,-128.85
"Boeri, Tito",726.33,957.55
"Boeschoten, Willem C.",-165.42,-565.44
"Bohl, Martin T.",387.19,-122.17
"Bohn, Jeffrey R.",-294.17,-118.68
"Boileau, Martin",-219.85,-213.01
"Boivin, Jean",116.97,140.56
"Bollen, Nicolas P.B.",-51.209,-137.56
"Bollerslev, Tim",20.003,86.693
"Bolliger, Guido",-47.806,-130.01
"Bolster, Paul J.",91.342,199.84
"Bolton, Patrick",78.8,-29.589
"Bonaccorsi di Patti, Emilia",117.48,-116.75
"Bond, Philip",69.789,-19.183
"Bond, Stephen R.",245.07,28.374
"Bondarenko, Oleg",-102.7,39.262
"Bonfiglioli, Alessandra",214.22,103.03
"Bonin, John P.",138.87,-126.42
"Bonomo, Marco Antonio",981.6,-882.32
"Bookstaber, Richard",-154.48,49.593
"Boone, Audra L.",-150.21,-113.93
"Boot, Arnoud W. A.",66.929,-94.42
"Booth, Geoffrey Geoffrey",-168.35,77.668
"Booth, James R.",29.29,-181.91
"Booth, Laurence D.",-206.77,24.063
"Booth, Lenachua",-96.94,-275.36
"Bordo, Michael David",196.2,-88.907
"Borenstein, Severin",80.447,-170.93
"Borensztein, Eduardo R.",197.07,-39.115
"Borio, Claudio",274.22,-62.442
"Bortolotti, Bernardo",22.9,-239.86
"Borzekowski, Ron",236.43,-158.08
"Bos, Jaap W.B.",199.94,-137.79
"Boscaljon, Brian",-104.5,-327.93
"Bossaerts, Peter",-50.703,16.896
"Bostic, Raphael W.",249.81,-175.76
"Bottazzi, Laura",600.66,-377.47
"Boubakri, Narjess",77.78,-176.94
"Bouckaert, Jan",198.79,-111.63
"Boudoukh, Jacob",-105.93,-93.563
"Bougheas, Spiros",273.96,-6.9195
"Boulatov, Alex",-118.3,-129.25
"Bourghelle, David",33.24,63.894
"Boutillier, Michel",392.02,-227.56
"Bouwman, Christa H.S.",66.07,69.229
"Bovenberg, Arij Lans",317.37,16.99
"Bover, Olympia",254.55,-52.851
"Bowdler, Christopher",265.58,273.41
"Bowers, Helen M.",-16.886,-253.18
"Bowman, David",93.283,301.41
"Boyd, John H.",83.006,-53.43
"Boyd, Naomi E.",-81.341,-336.58
"Boyer, Brian H.",-15.978,58.546
"Boyer, Carol Marie",-141.58,-226.96
"Boyer, M. Martin",101.43,13.665
"Boyle, Glenn W.",-131.63,73.927
"Boyle, Phelim P.",-332.31,-354.74
"Brada, Josef C.",413.17,75.8
"Bradley, Michael D.",-172.82,-85.525
"Brady, Brooks",258.29,-77.763
"Braguinsky, Serguey",-160.38,-97.561
"Brailsford, Timothy J.",35.748,234.75
"Brainard, William C.",158.57,-130.13
"Brandt, Loren",127.94,-144.4
"Brandt, Michael W.",-37.305,2.9169
"Branstetter, Lee G.",153.13,-329.31
"Brau, James C.",-150.14,-67.538
"Braun, Matías",56.605,28.254
"Braun, R. Anton",198.34,211.04
"Brav, Alon",-41.152,-37.859
"Bravo, Jorge M.",-650.27,119.49
"Brealey, Richard A.",0.35467,52.769
"Breeden, Douglas T.",-210.43,-108.57
"Brennan, Michael J.",-41.767,4.8013
"Brennan, Simon",181.16,50.381
"Brenner, Menachem",21.912,67.043
"Bresnahan, Timothy F.",113.95,102.74
"Breuer, Janice Boucher",-128.16,-273.83
"Breuer, Wolfgang",-302.72,63.741
"Breusch, Trevor S.",320.66,-337.5
"Brevoort, Kenneth P.",178.8,-48.704
"Brewer, Elijah",143.2,-181.19
"Brick, Ivan E.",-172.0,-247.9
"Brickley, James A.",-133.6,-113.36
"Brigden, Andrew",323.39,95.517
"Brigo, Damiano",26.787,327.99
"Bris, Arturo",-21.143,-82.008
"Brisley, Neil",-178.92,-375.75
"Broda, Christian",167.17,76.609
"Brommundt, Bernd",-184.38,243.27
"Brooks, Chris S.",188.0,239.21
"Brooks, Robert D.",119.58,37.091
"Brophy, David J.",5.4466,-175.77
"Brounen, Dirk",89.584,-231.34
"Brown, Christine Ann D.",162.85,-266.8
"Brown, David T.",16.27,-96.769
"Brown, Gregory W.",45.304,46.85
"Brown, Keith C.",33.918,-48.319
"Brown, Lawrence D.",-38.841,-260.35
"Brown, Stephen J.C.",-74.432,37.969
"Brown, William O.",49.341,-283.89
"Browning, Martin J.",33.506,172.27
"Bruche, Max",255.63,-39.737
"Brunner, Allan D.",-293.26,154.49
"Brunnermeier, Markus K.",5.8757,-27.95
"Brunnermeier, Smita B.",-15.049,93.949
"Brusco, Sandro",605.85,-442.32
"Buch, Claudia M.",145.0,-245.78
"Buckle, Mike J.",-429.15,-25.149
"Buckley, Adrian",4.689,149.61
"Buiter, Willem H.",286.67,305.39
"Bullard, James B.",220.72,247.92
"Bulow, Jeremy I.",-177.67,-117.11
"Bun, Maurice J.G.",171.26,244.91
"Buraschi, Andrea",-17.232,49.874
"Burch, Timothy R.",-9.0562,-116.01
"Burda, Michael",760.66,-450.15
"Burdekin, Richard C.K.",164.17,-298.55
"Burkart, Mike",56.441,-67.565
"Burns, Natasha",2.3964,-96.823
"Burstein, Ariel Tomás",110.96,375.95
"Burton, M. Diane",-177.78,-275.97
"Busaba, Walid Y.",20.279,-150.82
"Buser, Stephen A.",-76.399,-111.26
"Bushman, Robert M.",-160.73,-38.649
"Busse, Jeffrey A.",-69.265,-64.843
"Butler, Alexander W.",-58.197,-73.633
"Butler, Alison",-279.89,27.581
"Byers, Steven S.",121.73,-179.54
"Byoun, Soku",-682.58,-87.292
"Bénassy-Quéré, Agnès",-334.41,-69.049
"Bøhren, Øyvind",256.93,50.756
"Bühler, Wolfgang J.",-319.76,-17.863
CARL SCHECTER,-6.7969,99.776
CARTER RAKOVSKI,-63.991,-333.77
CEVDET AYDEMIR,-205.42,26.378
CHAPPELL LAWSON,-110.91,134.05
CHARLES SIEGMAN,233.17,49.748
CHARLES VAN WYMEERSCH,-213.42,-262.93
CHELLE YETMAN,-253.37,-190.6
CHIP FORTSON,11.625,-127.88
CHIP RUSCHER,-199.12,-267.28
CHIP WIGGINS,-219.49,120.03
CHRIS ALLEN,-129.91,-53.689
CHRIS CORNWELL,167.24,-105.17
CHRIS DARNELL,-34.471,151.77
CHRIS GEZCY,-77.024,142.43
CHRIS JACKSON,349.08,-49.553
CHRIS MARTIN,461.09,139.91
CHRIS STRUVE,47.586,-194.65
CHRISTINE CUMMING,173.4,-239.55
CHRISTOPHER COUCH,5.7817,-240.27
CHRISTOPHER VINCENT,-189.17,-149.18
CHUCK THOMAS,-148.3,164.49
CHUNG KIM,-117.16,117.96
CINDY LEE,130.36,-160.86
CLEMENT HAR,-91.466,-321.84
CLIFFORD GLADSON,-193.28,-32.141
CLIFTON EXELEY,194.63,-293.4
CONNIE HELFAT,119.26,83.721
CORDELL WISE,158.98,-127.92
CORNELIA KULLMANN,220.24,-111.84
"Caballero, Ricardo J.",93.575,-123.38
"Cabral, Luís M.B.",45.572,24.116
"Cadenillas, Abel",53.392,-51.607
"Caglio, Cecilia",-77.325,-242.25
"Cai, Fang",-177.78,54.665
"Cai, Hongbin",-132.54,63.947
"Cai, Jie",-144.36,-321.42
"Cai, Jun",-30.022,186.72
"Cakici, Nusret",-28.738,52.972
"Calantone, Roger J.",-202.83,-260.76
"Calari, Cesare",158.67,-109.51
"Calcagno, Riccardo",60.53,-186.68
"Calem, Paul S.",184.18,-109.39
"Callaghan, Sandra Renfro",-23.482,-255.62
"Callahan, Tyrone W.",-115.76,110.62
"Calmès, Christian",226.18,-166.64
"Calomiris, Charles W.",77.212,-124.73
"Calvo, Guillermo A.",127.33,-265.61
"Camera, Gabriele",1093.4,1048.3
"Cameron, Stephen V.",-135.76,-277.67
"Camp, Graeme",56.828,-265.11
"Campa, José Manuel",112.8,-172.91
"Campbell, Jeffrey R.",249.66,-257.31
"Campbell, John Y.",13.624,31.551
"Campbell, Terry L.",59.171,-184.15
"Campello, Murillo",-7.8956,-82.052
"Campolieti, Giuseppe",-258.63,155.44
"Candelon, Bertrand",-335.33,-50.254
"Cannavan, Damien",-141.44,-61.926
"Canner, Glenn B.",118.16,-195.07
"Cannon, Edmund S.",983.4,48.32
"Canova, Fabio",197.47,147.7
"Cantillo, Miguel",-134.93,157.62
"Cantor, Richard",1.2392,-166.7
"Cao, Charles Q.",73.832,77.416
"Cao, H. Henry",-106.46,23.11
"Cao, Melanie",-163.77,-58.105
"Caporale, Tony",-171.81,255.72
"Capozza, Dennis R.",141.09,152.62
"Caprio, Gerard Jr",86.765,-78.782
"Carbó, Santiago",203.03,-85.917
"Carey, Mark",97.669,-99.352
"Cargill, Thomas F.",24.816,-297.56
"Carhart, Mark M.",-230.9,1.9715
"Carkovic, Maria",118.75,-153.18
"Carletti, Elena",126.61,-30.078
"Carlson, Mark A.",271.29,-83.686
"Carlson, Murray",-43.865,-29.516
"Carlstrom, Charles T.",-531.6,-871.68
"Carow, Kenneth A.",185.39,-27.468
"Carpenter, Jennifer N.",-0.22656,78.8
"Carpenter, Seth B.",65.853,291.89
"Carr, Peter P.",-17.305,81.178
"Carrieri, Francesca",-187.61,69.548
"Carroll, Christopher D.",57.435,159.26
"Carter, David A.",147.2,-106.47
"Caruana, Guillermo",211.88,37.611
"Carvalho, Carlos",910.4,-871.68
"Carverhill, Andrew P.",115.8,135.48
"Casassus, Jaime",-218.87,-47.119
"Case, Brad",149.75,-144.1
"Caserta, Silvia",376.37,53.389
"Cassiman, Bruno",203.69,-277.75
"Casu, Barbara",289.36,-112.22
"Catarineu-Rabell, Eva",288.24,104.1
"Catão, Luis A.V.",318.53,-114.76
"Cauley, Stephen Day",-125.31,22.588
"Cavalluzzo, Ken S.",-6.3941,-229.53
"Cavanaugh, Joseph",-5.8468,-308.43
"Caves, Richard E.",214.72,4.0566
"Cebenoyan, A. Sinan",95.1,-153.27
"Cecchetti, Stephen G.",45.359,127.67
"Cerasi, Vittoria",256.76,-21.834
"Cespa, Giovanni",-209.9,13.66
"Cestone, Giacinta",203.53,-123.28
"Cetorelli, Nicola",77.523,-56.731
"Ceuster, Marc D.",-67.266,919.49
"Chacar, Aya S.",-257.25,-142.62
"Chacko, George C.",-29.563,24.38
"Chade, Hector",-79.077,166.84
"Chae, Joon",-52.496,77.123
"Chakrabarti, Rajesh",-121.62,-176.88
"Chakrabarty, Bidisha",-248.88,-126.03
"Chakraborty, Archishman",-114.98,168.38
"Chakraborty, Atreya",102.4,-140.48
"Chakravarty, Sugato",-169.06,-115.42
"Chalk, Nigel Andrew",138.72,89.365
"Chalmers, John M.R.",26.142,-34.054
"Chamberlain, Gary E.",-26.707,120.45
"Chamberlain, Sandra L.",-53.358,-329.71
"Chamon, Marcos",245.08,-56.809
"Chan, Anita",-109.41,229.32
"Chan, ChoonChat",139.6,997.68
"Chan, Kalok",-65.613,-68.744
"Chan, Konan",-259.51,-139.67
"Chan, Louis Kuo Chi",-127.38,91.017
"Chan-Lau, Jorge Antonio",-335.5,191.15
"Chance, Don M.",-324.08,-84.49
"Chang, Peter",331.43,-191.25
"Chang, Shaochi",-134.93,-275.92
"Chang, Xin",-52.035,-118.22
"Chao, John C.",-148.42,101.07
"Chaplinsky, Susan",-107.15,-68.929
"Chapman, David A.",-22.258,-10.255
"Chappell, Henry W.",27.564,292.21
"Charest, Guy",-78.642,-263.09
"Chari, Anusha",-57.092,-0.76616
"Chari, Varadarajan V.",-58.142,-260.76
"Charles, Kerwin Kofi",44.998,200.78
"Charoenrook, Anchada",-132.19,-20.989
"Charoenwong, Charlie",-251.88,17.416
"Charupat, Narat",-300.31,-264.58
"Chatterjee, Rabikar",-60.863,-291.04
"Chatterjee, Santanu",-620.38,603.93
"Chatterjee, Satyajit",242.82,120.62
"Chatterjee, Sris",86.827,-9.6924
"Chaudhry, Mukesh K.",890.73,279.49
"Chavez-Demoulin, Valérie",-393.22,-38.219
"Chay, Jong Bom",-111.24,-38.258
"Chemla, Gilles",48.87,-93.061
"Chemmanur, Thomas J.",36.373,-82.653
"Chen, An Sing",309.51,-556.15
"Chen, Andrew H.Y.",111.87,-104.56
"Chen, Carl R.",-229.08,-360.32
"Chen, Fangruo",-186.61,97.565
"Chen, Honghui",-244.64,-169.83
"Chen, Hsiulang",-231.77,-201.55
"Chen, Hsuanchi",38.671,-196.0
"Chen, Joseph",-41.749,-5.3472
"Chen, Leinlein",-147.67,-822.45
"Chen, Long",-79.706,-39.748
"Chen, Mark A.",61.279,-29.087
"Chen, NaiFu",-242.57,-96.389
"Chen, Oliver",-125.71,124.47
"Chen, Peter",197.3,777.95
"Chen, Qi",-2.4639,-94.004
"Chen, Ren Raw",57.466,88.13
"Chen, Shaw K.",-297.9,-231.22
"Chen, Sheng-Syan",-149.93,-266.25
"Chen, Yehning",187.66,-263.17
"Chen, Yong",-156.47,-145.85
"Chen, Yougang",-179.66,-194.76
"Chen, Zhi'An",282.57,19.293
"Chen, Zhiwu",-131.8,74.648
"Cheng, Minder",-52.197,-269.92
"Cheng, Shijun",-46.129,-191.49
"Chernov, Mikhail",-99.611,85.75
"Chesher, Andrew",-1.8151,179.32
"Cheung, Yanleung",-92.567,-139.18
"Cheung, Yin-Wong",170.25,64.204
"Chevalier, Judith A.",-86.262,14.813
"Chevillon, Guillaume",163.46,249.36
"Chiang, Kevin C.H.",-499.42,352.22
"Chiappori, Pierre André",-138.1,185.81
"Chib, Siddhartha",-239.63,54.354
"Chidambaran, Nemmara K.",-13.961,-246.41
"Chiesa, Gabriella",171.07,-100.13
"Chih, Hsiang Lin",552.62,-596.07
"Childs, Paul D.",-66.137,-166.67
"Chinn, Menzie David",79.886,-335.67
"Chiou, Ingyu",-83.921,215.13
"Chirinko, Robert S.",-24.132,154.36
"Chiyachantana, Chiraphol N.",-17.931,-295.44
"Cho, Jang Ok",58.764,252.73
"Cho, Seonghoon",37.23,105.56
"Cho, Seongyeon",-83.424,145.26
"Choe, Hyuk",-43.292,-68.58
"Choi, Chiyoung",221.97,79.35
"Choi, Dosoung",-109.41,-30.318
"Choi, Jay Pil",288.21,664.83
"Choi, Seungmook",-184.27,-760.51
"Choi, Woon Gyu",-231.01,222.21
"Chomsisengphet, Souphala",110.92,-188.48
"Chong, Beng Soon",262.07,-283.38
"Chordia, Tarun",-28.212,-38.252
"Chou, Ray Yeutien",-43.745,116.66
"Chou, Robin K.",-872.6,608.32
"Chow, Gregory C.",141.1,10.712
"Chowdhry, Bhagwan",-118.63,-80.794
"Christensen, Jens H.E.",-141.35,-213.3
"Christensen, Theodore E.",-172.77,-213.11
"Christiano, Lawrence J.",229.62,162.64
"Christiansen, Charlotte",352.0,-1022.0
"Christie, William Gary",-146.36,-79.793
"Christie-David, Rohan A.",68.562,345.4
"Christoffersen, Peter F.",-103.43,54.039
"Christoffersen, Susan E.K.",-116.2,18.901
"Christophe, Stephen E.",16.067,-250.89
"Chrystal, K. Alec",214.68,138.69
"Chu, Quentin C.",1029.9,-180.04
"Chuang, Wen I.",-184.66,-223.36
"Chun, Albertlee",-202.23,231.08
"Chung, Ching-Fan",-140.9,215.37
"Chung, Huimin",-801.4,597.68
"Chung, Kee H.",-109.62,-106.96
"Chung, Wilbur",49.751,-227.16
"Church, Bryan K.",-236.97,-337.23
"Chuwonganant, Chairat",-114.84,-125.47
"Ciccone, Antonio",-221.86,230.72
"Ciccotello, Conrad S.",-223.54,-189.86
"Cichello, Michael S.",24.15,-274.35
"Ciliberto, Federico",28.385,-275.21
"Ciochetti, Brian A.",51.995,-130.79
"Cipriani, Giam Pietro",1054.6,37.68
"Citanna, Alessandro",-256.44,19.401
"Claessens, Stijn",89.939,-68.862
"Clarida, Richard H.",39.035,222.35
"Clark, Peter Bentley",178.27,90.505
"Clark, Todd E.",14.091,179.35
"Clarke, George R.G.",98.46,-112.31
"Clarke, Jonathan E.",-116.45,-85.617
"Clayton, Matthew J.",-134.34,-193.63
"Cleary, Sean W.",-185.78,-198.3
"Clement, Michael B.",129.86,-412.41
"Clementi, Gian Luca",-171.41,-191.91
"Clerc, Laurent",-135.66,-142.46
"Cliff, Michael T.",-70.857,-67.539
"Clinch, Greg J.",-174.55,-71.068
"Clouse, James A.",138.11,117.39
"Coakley, Jerry",50.062,175.35
"Coates, John C.",-235.34,5.4172
"Cocco, João F.",8.6916,48.26
"Coccorese, Paolo",127.64,11.397
"Cochrane, John H.",7.7244,19.763
"Coe, Patrick J.",347.72,387.04
"Coelli, Tim J.",274.94,-149.58
"Coenen, Günter",362.92,77.28
"Coffee, John C.",53.828,-27.214
"Cogley, Timothy W.",25.873,163.45
"Cohen, Alma",-95.892,-141.82
"Cohen, Lauren H.",33.069,154.29
"Cohen, Randolph B.",-62.004,-25.55
"Cole, Rebel A.",264.36,53.108
"Coleman, Thomas F.",-453.27,939.49
"Coles, Jeffrey L.",-23.504,-129.53
"Collard, Fabrice",-951.6,1048.3
"Collin-Dufresne, Pierre",-98.458,-7.1848
"Collins, Daniel W.",-36.83,-186.55
"Collins, Sean",-179.37,-115.57
"Colwell, David B.",-108.44,238.31
"Colwell, Peter F.",35.443,-447.97
"Comment, Robert",24.207,-249.4
"Conlon, John R.",205.11,194.49
"Connolly, Robert A.",179.46,-312.55
"Connor, Gregory",-246.96,20.17
"Conrad, Jennifer S.",-39.058,74.668
"Consiglio, Andrea",-61.6,337.37
"Constantinides, George M.",-63.155,55.249
"Cook, David E.",406.37,736.82
"Cook, Douglas O.",-26.257,-200.68
"Cooney, John W.",-50.912,-191.99
"Cooper, Ian A.",-46.63,39.506
"Cooper, Ilan",-22.624,63.343
"Cooper, Michael J.",-48.875,-63.798
"Cordella, Tito",151.98,-6.1036
"Core, John E.",-77.71,-108.44
"Coricelli, Fabrizio",241.76,30.366
"Corielli, Francesco",-131.78,123.23
"Cornaggia, Kimberly J.",-213.67,-219.56
"Cornelli, Francesca",-11.009,-71.907
"Cornett, Marcia Millon",81.297,-161.23
"Corrado, Charles J.",-177.46,43.036
"Corsetti, Giancarlo",198.92,-4.554
"Corts, Kenneth S.",-20.265,-219.71
"Corwin, Shane A.",-47.787,-124.34
"Cosset, Jean Claude",80.787,-174.84
"Cosslett, Stephen R.",-2.1794,-146.91
"Costa, Bruce A.",160.93,85.953
"Cottarelli, Carlo",203.17,-79.879
"Cotter, John",-203.07,-227.59
"Coughenour, Jay F.",-105.0,-185.47
"Coulibaly, Brahima",-214.75,37.022
"Coulombe, Serge",-289.13,120.69
"Courant, Paul N.",-29.072,207.34
"Couwenberg, Oscar",-257.01,-100.17
"Coval, Joshua D.",-16.925,-59.99
"Cover, James Peery",152.06,294.23
"Covitz, Daniel M.",110.77,-148.33
"Covrig, Vicentiu M.",-162.28,-163.55
"Cowan, Adrian M.",245.06,-88.36
"Cowan, Charles D.",211.31,-202.81
"Cowan, Kevin N.",-26.679,247.75
"Cox, John C.",0.33454,71.366
"Cox, Steven R.",37.426,254.73
"Coën, Alain",91.552,-312.05
"Crack, Timothy Falcon",-300.65,-3.6814
"Craig, Ben R.",264.9,-91.053
"Craine, Roger N.",-52.666,-289.65
"Crane, Dwight B.",51.892,84.714
"Crawford, Anthony J.",-185.78,-275.89
"Cready, William M.",-179.15,-206.13
"Cremers, K. J. Martijn",-29.668,12.106
"Crespí, Rafel",277.74,-14.25
"Cressy, Robert C.",186.65,343.92
"Crew, Nicholas",-176.99,-88.567
"Cristadoro, Riccardo",209.03,144.09
"Crivelli, Juan Miguel",148.52,-179.45
"Croitoru, Benjamin",15.447,73.139
"Cromb, Roy",232.3,157.5
"Cronqvist, Henrik",0.051001,-21.994
"Crook, Jonathan N.",-348.4,-962.32
"Croushore, Dean",131.13,192.91
"Cukierman, Alex",208.68,151.15
"Cull, Robert",100.39,-122.59
"Cummins, J. David",143.58,48.102
"Cummins, Jason G.",-121.12,-212.71
"Cunha, J.",332.41,-211.49
"Cuny, Charles J.",1143.6,417.68
"Cuoco, Domenico",27.607,37.637
"Curcuru, Stephanie E.",92.36,-291.71
"Cutts, Amy Crews",43.671,-294.03
"Cuñado Eizaguirre, Juncal",-296.51,549.73
"Cuñat, Vicente",273.78,-47.133
"Cvitanić, Jakša",-19.744,31.788
"Cynamon, Barry Z.",-493.62,-582.24
"Cyr, Don",-296.92,-173.27
"Cyree, Ken B.",138.02,-149.4
"Cysne, Rubens Penha",197.5,348.04
"Câmara, António",-219.36,-122.42
D BECKER,386.85,-256.62
D BOS,233.39,-232.28
D OSBOM,116.47,214.4
D RAY,252.42,6.1549
"D'Avolio, Gene",-3.151,-98.207
"D'Ecclesia, Rita Laura",-151.43,210.65
"D'Mello, Ranjan",-347.66,-108.53
DAN OCONE,-244.14,79.768
DANI TSIDDON,144.96,-218.94
DARREN PAIN,284.42,88.515
DAVE SKIDMORE,155.9,-116.77
DAVE TREMBLAY,245.15,-85.094
DAVID BARKER,-87.633,-145.53
DAVID BLAKE,651.96,-221.56
DAVID F HENDRY,65.33,126.03
DAVID FORD,68.135,269.77
DAVID FOWLER,-389.72,-280.07
DAVID HAMILTON,-230.29,-218.72
DAVID HEIKE,-174.01,-96.873
DAVID KOSLOWSKY,-207.42,-30.91
DAVID MOSS,86.732,34.326
DAVID PEARL,243.37,-249.55
DAVID RULE,306.87,64.139
DAVID SCOTT,183.9,-216.24
DAVID SUKONNIK,348.55,-33.224
DEAN THOMSON,9.0961,-308.11
DENNIS ADLER,-191.66,45.616
DERICK CULLEN,-17.264,246.87
DIANA ANDRADE,125.82,-314.86
DIANE GARNICK,63.991,113.4
DIANE NELLES,35.872,-235.0
DIANE VAZZA,433.57,-167.44
DIETER REICHWEIN,237.26,-72.799
DINA NAPLES-LAYISH,-183.88,-29.525
DION ROSEMAN,-162.02,121.53
DIRK HEITHECKER,340.02,-126.22
DOMINIK HOTZ,-112.78,-170.6
DON MULVIHILL,-33.322,-201.82
DON NICHOLS,-36.313,-374.27
DONALD KOHN,189.42,291.97
DONG CHEN,144.09,3.2291
DORIS CHAN,-195.3,-344.2
DORIS DECKER,227.51,217.16
DOUG RUNTE,51.675,-192.61
DROR SHALIT,268.47,1.7506
DWIGHT DENNISON,-110.55,-291.08
"Da Rin, Marco",166.23,-165.12
"Dacorogna, Michel M.",10.978,-315.16
"Daglish, Toby",-171.4,221.53
"Dahiya, Sandeep",-181.6,-224.77
"Dahlquist, Magnus",-43.233,45.031
"Dahya, Jay",-104.71,172.28
"Dai, Qiang",-45.902,72.594
"Daines, Robert M.",-107.4,-145.4
"Dale, Spencer",251.85,117.15
"Daltung, Sonja",254.39,-313.43
"Daly, Mary C.",223.06,-37.848
"Dammon, Robert M.",-117.87,6.6991
"Dangl, Thomas",94.299,-102.39
"Daniel, Kent D.",-31.464,-45.715
"Daniel, Naveen D.",-20.033,-113.28
"Daniels, Joseph P.",357.11,-210.2
"Daniels, Kenneth N.",159.91,-267.0
"Danielsen, Bartley R.",166.98,-218.23
"Dann, Larry Y.",-111.59,-223.48
"Danziger, Leif",198.91,160.86
"Daníelsson, Jón",194.91,28.162
"Daouk, Hazem",335.74,-481.44
"Darrat, Ali F.",-39.573,268.48
"Das, Sanjiv Ranjan",-26.732,12.555
"Das, Somnath",-112.69,-130.59
"Dasgupta, Sudipto",-13.11,-121.15
"Dash, Gordon H.",-331.64,-166.81
"Datta, Sudip",-252.91,-38.95
"David Hillier, David",-6.092,150.54
"David, Alexander",-243.87,93.961
"Davidson, James W.",304.0,221.27
"Davidson, Wallace N.",905.61,904.01
"Davies, Dick",-160.76,226.73
"Davies, Ryan J.",-218.25,0.043235
"Davis, Kevin",110.16,-280.97
"Davis, Lance E.",133.75,-197.72
"Davis, Michael C.",92.873,206.03
"Davis, Steven J.",-56.924,124.04
"Davydenko, Sergei A.",-123.28,-10.038
"Day, Theodore E.",-46.506,-329.84
"De Bandt, Olivier",76.649,-193.27
"De Bodt, Eric",40.169,217.92
"De Bondt, Werner P.M.",119.87,-257.19
"De Boyer Des Roches, Jérôme",719.96,749.97
"De Fontnouvelle, Patrick",257.56,-171.32
"De Franco, Gus",-76.333,-257.82
"De Giorgi, Enrico G.",-17.83,-339.38
"De Goeij, Peter",1085.6,-602.32
"De Graeve, Ferre",215.41,357.88
"De Haas, Ralph T.A.",278.28,-102.34
"De Jong, Abe",118.92,-2.4499
"De Jong, Frank",18.354,17.185
"De La Torre, Augusto",168.71,-85.661
"De Ménil, Georges",221.65,-187.87
"De Nicoló, Gianni",126.57,-48.888
"De Roon, Frans A.",23.188,37.058
"De Vries, Casper G.",272.74,42.703
"DeAngelo, Harry",-31.644,-64.348
"DeAngelo, Linda Elizabeth",-39.946,-72.543
"DeJuan, Joseph P.",477.11,368.1
"DeLong, Gayle L.",61.026,-152.75
"DeYoung, Robert E.",106.68,-89.5
"Deaton, Angus S.",-22.794,186.27
"Deaves, Richard",-127.89,-290.5
"Dechow, Patricia M.",-8.5582,333.74
"Declerck, Fany",25.449,67.28
"Decressin, Jörg W.",204.62,-272.74
"Degeorge, François",21.075,-6.1283
"Degryse, Hans",103.99,-58.508
"Dehon, Catherine",249.06,-299.2
"Dejesus-Rueff, Virginia",250.89,-183.48
"Dekel, Eddie",175.01,88.433
"Del Guercio, Diane",-192.17,-52.49
"Deli, Daniel N.",-91.594,-274.79
"Dell'Ariccia, Giovanni",91.367,-50.234
"DellaVigna, Stefano",-115.52,-137.49
"Dellas, Harris",-880.4,1037.7
"Delli Gatti, Domenico",390.16,-39.041
"Deloof, Marc",316.41,-177.59
"Demarzo, Peter M.",-48.625,-38.931
"Demers, Elizabeth A.",-138.19,66.299
"Demiralp, Selva",94.982,162.45
"Demirgüç-Kunt, Asli",61.56,-102.44
"Demiroglu, Cem",152.25,36.28
"Demiroglu, Ufuk",204.06,342.19
"Demirtas, K. Ozgur",-148.68,122.7
"Dempster, Michael A.H.",2.4915,-273.29
"Demsetz, Harold",-78.393,128.92
"Deng, Yongheng",145.6,-982.32
"Denis, David J.",-63.807,-106.98
"Denis, Diane Kowalski",-153.4,-115.23
"Dennis, Richard",43.54,214.94
"Dennis, Steven A.",162.78,-116.12
"Dentcheva, Darinka",641.4,-871.68
"Derashid, Chek",209.67,-191.7
"Dermine, Jean",102.09,55.317
"Derrien, François",-98.556,-52.411
"Derwall, Jeroen",-69.98,199.03
"Desai, Hemang",-15.648,-152.45
"Desai, Mihir A.",-1.5034,-77.189
"Dessein, Wouter",45.891,-160.95
"Dessy, Sylvain E.",94.921,-321.45
"Detemple, Jérôme B.",-186.87,13.919
"Detken, Carsten",234.22,47.342
"Detragiache, Enrica",158.21,-96.564
"Detzler, Miranda Lam",-83.178,-231.63
"Devereux, John",-112.06,-760.04
"Devereux, Michael B.",475.75,747.19
"Devos, Erik",-14.569,-298.86
"Devriese, Johan",205.49,-67.851
"Dewachter, Hans",22.876,141.46
"Dewatripont, Mathias",110.88,-54.502
"Dhaliwal, Dan S.",-50.953,-229.26
"Dhar, Shamik",318.54,106.16
"Dharmapala, Dhammika",-63.741,-122.28
"Dhillon, Upinder S.",78.758,25.681
"Di Matteo, Tiziana",-333.72,99.866
"Diamond, Douglas W.",48.221,-37.811
"Diamond, Peter A.",205.77,-351.01
"Diaw, Khaled M.",152.06,-314.57
"Dick, Astrid A.",134.48,-75.05
"Diebold, Francis X.",19.284,42.708
"Dieckmann, Stephan",-220.09,84.36
"Dierker, Martin",29.87,-179.16
"Diether, Karl B.",-177.67,-188.34
"Dietrich, Diemo",-85.026,-231.03
"Dietsch, Michel",271.1,-234.83
"Diltz, John David",174.67,116.33
"Dimand, Robert W.",890.64,-373.39
"Dimitrov, Valentin",26.426,-146.85
"Dimson, Elroy",-85.446,0.52502
"Ding, David",-268.42,-62.841
"Dinç, I. Serdar",82.989,-62.997
"Dionne, Georges",-320.23,-9.174
"Diro Ejara, Demissew",-269.01,105.96
"Disney, Richard",337.09,-354.87
"Dittmar, Amy K.",27.543,-47.167
"Dittmar, Robert F.",10.382,34.237
"Djankov, Simeon",63.242,-90.734
"Djivre, Joseph",134.61,-227.36
"Do, Quy Toan",-110.58,227.67
"Dockner, Engelbert J.",221.27,-82.908
"Doepke, Joerg",12.582,-330.38
"Doidge, Craig",10.476,-58.073
"Dollar, David",177.35,-222.96
"Domowitz, Ian",-126.45,-15.928
"Donaldson, John B.",71.82,284.07
"Donaldson, R. Glen",-107.7,67.4
"Dong, Ming",-57.391,-57.261
"Dopuch, Nicholas",-210.43,-121.27
"Dornbusch, Rüdiger",314.47,-4.7669
"Dotsey, Michael",168.24,302.85
"Douady, Raphaël",-245.64,170.49
"Douglas J. Cumming, Douglas",142.53,144.05
"Douglas, Alan Victor Scott",-210.36,-69.082
"Douglas, Susan P.",-44.306,151.16
"Douglass, Julian",-204.08,-6.3825
"Doukas, John A.",-162.64,-57.75
"Dow, James",-70.677,-131.12
"Dowd, Kevin",-265.64,-305.36
"Downing, Christopher",20.666,-266.43
"Drake, Leigh M.",-824.67,-22.447
"Drake, Pamela Peterson",-128.9,-59.74
"Dranove, David S.",-314.83,44.674
"Dridi, Ramdan",146.93,-220.5
"Driessen, Joost",-13.336,42.281
"Driscoll, John C.",7.8622,274.87
"Drucker, Steven",91.37,-89.425
"Du, Bin",88.983,184.19
"Du, Julan",146.58,-4.1865
"Duan, Jinchuan",-82.097,83.701
"Duarte, Jefferson",-35.098,47.935
"Dubofsky, David A.",-158.48,19.966
"Dubois, Michel",-142.64,-261.32
"Ducharme, Larry L.",-142.57,-0.51153
"Dudek, Maciej K.",-71.83,163.93
"Dueker, Michael J.",155.92,159.78
"Duffee, Gregory R.",22.6,11.212
"Duffie, J. Darrell",-78.361,-32.521
"Duffy, John",-19.991,306.08
"Dufour, Jean Marie",14.245,136.7
"Duggan, Mark G.",-114.13,48.111
"Duguay, Pierre",243.42,-178.0
"Dumas, Bernard",17.486,20.519
"Dumontier, Pascal",-246.0,-129.51
"Dunbar, Amy E.",-88.927,-222.32
"Dunbar, Craig G.",48.87,1.6654
"Duncan, Alan S.",328.35,88.317
"Dunis, Christian L.",79.395,-811.68
"Dunne, Peter G.",-149.47,307.94
"Dupor, Bill",25.337,119.08
"Durand, Robert B.",-486.62,677.76
"Durbin, Erik",98.316,-207.76
"Durham, Garland B.",-124.74,103.02
"Durham, Greg R.",-89.136,-140.51
"Durnev, Art A.",4.9596,-58.917
"Dustmann, Christian",8.1666,178.42
"Dutkowsky, Donald H.",-461.38,-485.52
"Dutta, Kabir K.",231.45,-120.92
"Dvoracek, Vladimir",-115.87,-120.55
"Dvořák, Tomáš",-195.02,-125.05
"Dwyer, Douglas W.",-31.307,-316.1
"Dwyer, Gerald P.",95.443,-154.57
"Dybvig, Philip H.",-43.805,79.155
"Dyck, Alexander",43.692,-67.416
"Dyckman, Thomas R.",-193.35,11.8
"Dynan, Karen E.",-25.339,113.53
"Décamps, Jean Paul",137.96,6.3523
"Díaz Díaz, Belén",104.26,-331.65
"Díaz, Antonio",-210.73,88.852
"Döbeli, Barbara",88.225,-165.77
"Düllmann, Klaus",340.44,-296.83
E CASE,-191.23,-160.85
EANA KIM,38.059,142.48
ED ROBERTS,-101.17,-319.1
EDDIE RIEDL,-28.387,143.3
EDUARDO ANDRADE,168.05,258.1
EDUARDO L LUNDBERG,204.91,-307.11
EDWARD QIAN,-4.0641,103.73
EHUD SARIG,-20.329,-362.85
ELAINE KIM,-8.125,-201.43
ELAINE WALSH,-220.44,-80.687
ELENA MITEVA,26.637,-239.24
ELIAS KAZARIAN,297.09,58.887
ELISABETH VAILLANT,315.93,-325.44
ELIZABETH CAMMACK,111.63,-158.74
ELIZABETH HENDERSON,49.669,-193.63
ELIZABETH WRIGLEY,310.43,15.122
EMILIA CARULLI,7.3877,-252.11
EO DONOVAN,433.37,-139.42
ERIC ANDERSON,-116.33,-199.25
ERIC JOHNSON,-90.936,-220.22
ERIC ONGENA,-187.29,147.33
ERIC RASMUSSEN,18.409,39.729
ERIK SINI,-17.647,-270.85
ERIN CROTTY,52.69,136.18
EUGENIA SHLIMOVICH,-221.79,172.07
EVELYNE GUILLY,328.7,-311.26
"Eades, Kenneth M.",-83.148,-191.71
"Easaw, Joshy Z.",-817.4,117.68
"Easley, David A.",-69.048,-46.665
"Easterbrook, Frank H.",61.802,17.469
"Easterly, William R.",224.48,-72.139
"Easterwood, John C.",-188.28,-204.18
"Easton, Peter D.",-170.68,-150.09
"Eberhart, Allan C.",-66.641,-127.63
"Eberly, Janice C.",-63.6,109.78
"Ebnöther, Silvan",119.29,-270.78
"Eckbo, B. Espen",-34.687,-103.48
"Edelen, Roger M.",-94.336,-37.368
"Ederington, Louis H.",-111.13,-156.81
"Edison, Hali J.",191.41,202.66
"Edwards, Amy K.",-99.361,-203.64
"Edwards, Jeremy S.S.",290.36,-144.51
"Edwards, Sebastian",60.162,130.7
"Eeckhout, Jan",154.78,238.37
"Egami, Masahiko",-114.4,997.68
"Eggertsson, Gauti Bergþóruson",147.72,129.73
"Egli, Dominik",217.14,-206.05
"Egorov, Alexei V.",-256.85,62.72
"Ehrmann, Michael",173.55,53.122
"Eichberger, Jürgen",197.09,-92.157
"Eichenbaum, Martin S.",-569.4,197.68
"Eichengreen, Barry J.",140.82,-63.063
"Einmahl, John H.J.",-265.17,83.547
"Eisenbeis, Robert A.",153.09,-135.91
"Eisfeldt, Andrea L.",73.951,60.959
"Eitrheim, Øyvind",274.72,-293.95
"Ekelund, Robert B.",320.17,336.95
"Ekern, Steinar",75.014,87.431
"El Ghoul, Sadok",-30.753,-276.24
"El Karoui, Nicole",-224.05,13.751
"Elder, John",55.763,232.34
"Eldor, Rafi",92.131,-341.57
"Eleanor Xu, Xiaoqing",240.27,805.77
"Eleswarapu, Venkat R.",-30.892,-137.98
"Elger, C. Thomas",-500.13,-522.44
"Elliott, Graham",-92.719,396.73
"Ellis, Colin",104.91,219.28
"Ellis, Katrina",-103.24,-161.15
"Ellman, Matthew",225.85,-155.68
"Ellul, Andrew",15.266,-67.277
"Elsas, Ralf",103.58,-66.194
"Elsinger, Helmut",132.45,-245.28
"Elson, Charles M.",71.965,-163.01
"Elton, Edwin J.",8.0203,13.692
"Elul, Ronel",150.2,162.81
"Embrechts, Paul",-298.51,-47.806
"Emery, Douglas R.",-165.66,-282.63
"Emery, Gary W.",-57.287,-221.55
"Emery, Kenneth M.",-3.4423,-319.99
"Emmons, William R.",171.69,132.91
"Emons, Winand",84.429,-318.03
"Enders, Walter",165.08,383.62
"Enders, Zeno",359.3,87.136
"Engel, Charles",27.26,133.28
"Engel, Eduardo M.R.A.",87.228,-332.05
"Engelmann, Bernd",191.11,-182.32
"Engle, Robert F.",-21.503,20.239
"Engle-Warnick, Jim C.",36.251,311.41
"English, William B.",159.88,-22.366
"Englund, Peter",-211.86,101.2
"Engsted, Tom",-159.39,-240.64
"Engström, Stefan",-292.9,-19.475
"Eom, Youngho",-119.51,-116.65
"Epermanis, Karen",-148.49,-379.94
"Episcopos, Athanasios",-91.091,241.21
"Epple, Dennis N.",-26.285,175.75
"Epps, Thomas W.",-6.1249,-217.01
"Epstein, Larry G.",-59.236,58.895
"Epstein, Richard A.",92.567,17.057
"Eraker, Bjørn",-32.371,97.404
"Eraslan, Hülya K.K.",-187.56,-82.78
"Erceg, Christopher J.",161.8,277.57
"Erenburg, Grigori",-69.037,-200.5
"Ergungor, Ozgur Emre",98.963,-133.81
"Erickson, Merle M.",16.431,-301.91
"Erickson, Timothy",-141.16,-177.94
"Ericsson, Jan",15.357,-169.66
"Erkan, Hafize G.",1164.6,-722.32
"Erner, Carsten",-416.42,-243.21
"Errunza, Vihang R.",18.47,-25.689
"Erwin, Gayle R.",43.216,-243.95
"Escribano, Alvaro",973.33,-102.45
"Esho, Neil",161.9,-123.08
"Espenlaub, Susanne",-219.97,97.996
"Espinosa-Vega, Marco A.",106.32,-74.052
"Esteghamat, Kian",-185.6,1008.3
"Estrella, Arturo",91.632,-36.873
"Esty, Benjamin C.",15.742,76.673
"Esö, Péter",61.18,184.57
"Ettin, Edward C.",239.54,-36.387
"Eun, Cheol S.",-85.521,-107.16
"Evanoff, Douglas D.",255.84,-129.02
"Evans, Charles L.",63.886,249.52
"Evans, Paul",92.189,177.81
"Ewing, Bradley T.",-625.16,-101.59
F GALLEGO,248.57,19.114
F LASZLO,399.44,-233.51
FARSHAD MASHAYEKHI,29.285,-247.29
FAUCHIER PARTNERS,-157.41,69.72
FELDA HARDYMON,-10.509,-195.93
"FELDMAN, DAVID",-48.916,114.52
FIONA TANG,-140.62,-372.4
FLORENZ PLASSMAN,-519.42,-465.44
FRANCESCO CAFAGNA,-36.399,125.3
FRED HERRIMAN,182.06,-231.91
FRED RUBIN,240.11,-310.38
FROM OQIBO,-175.24,-237.01
"Fabbri, Daniela",100.27,27.634
"Faber, Riemer P.",-146.13,-622.44
"Faccio, Mara",35.74,-47.192
"Faff, Robert W.",80.461,96.323
"Fahlenbrach, Rüdiger",2.0921,38.644
"Faig, Miquel",-472.06,-296.62
"Fair, Ray C.",495.0,-522.0
"Fairchild, Lisa M.",-193.96,-165.85
"Falconieri, Sonia",276.09,-178.26
"Faleye, Olubunmi",-119.05,-169.07
"Falkenstein, Eric G.",-247.69,-89.13
"Fama, Eugene F.",-48.084,-46.315
"Fang, Lily",-7.3399,-94.437
"Farber, André",222.1,-322.89
"Farley, Dennis E.",127.57,265.93
"Farmer, Roger E.A.",777.25,-582.33
"Farnsworth, Heber K.",-162.17,-77.503
"Farrant, Katie",143.85,293.46
"Farvaque, Étienne",-321.62,51.348
"Fatum, Rasmus",165.36,-381.08
"Fatás, Antonio",214.16,354.2
"Faulkender, Michael",17.635,-77.188
"Faure-Grimaud, Antoine",71.773,-4.409
"Faust, Jon",65.888,153.78
"Fauver, Larry",-180.99,-77.266
"Favara, Giovanni",281.34,100.23
"Favero, Carlo A.",97.671,-18.933
"Fawcett, Stanley E.",-148.14,-113.67
"Fay, Scott A.",-7.1221,207.52
"Fazzari, Steven M.",-107.58,260.46
"Fee, C. Edward",11.898,-129.1
"Fehle, Frank R.",-56.843,-145.5
"Felices, Guillermo",289.89,357.16
"Fell, John",-213.99,281.01
"Felli, Leonardo",59.594,-272.25
"Feltham, Gerald A.",-136.61,-304.12
"Feng, Fang",49.819,196.78
"Feng, Lei",2.0299,-59.521
"Ferguson, Niall",39.155,-394.53
"Ferguson, Robert Ian",-74.264,687.5
"Ferguson, Roger W.",-85.693,205.15
"Ferland, René",-261.16,-149.53
"Fermanian, Jean David",13.654,427.97
"Fernald, John G.",186.47,-287.56
"Fernandez-Corugedo, Emilio",237.59,151.19
"Fernando, Chitru S.",-18.416,-93.317
"Fernández de Guevara, Juan",662.6,-802.32
"Fernández, Ana I.",599.26,437.79
"Fernández, Pablo",71.653,-336.83
"Fernández-Arias, Eduardo",43.099,179.38
"Ferreira, Daniel",21.953,-120.38
"Ferreira, Miguel Ângelo",-123.4,-8.8366
"Ferrell, Allen",-115.74,-268.16
"Ferri, Michael G.",62.373,-233.92
"Ferson, Wayne E.",-44.387,-48.432
"Fich, Eliezer M.",-42.904,-174.5
"Fidrmuc, Jana P.",-49.965,54.056
"Field, Laura Casares",-26.596,-140.11
"Fields, L. Paige",121.75,-172.29
"Figlewski, Stephen",-50.602,27.296
"Figá-Talamanca, Gianna",1038.4,968.32
"Filho, Naércio Menezes",245.2,-270.13
"Fink, Jason D.",-41.503,-162.8
"Fink, Kristin E.",-54.316,-160.56
"Finn, Frank J.",-98.186,-122.74
"Finnerty, John D.",42.443,-224.66
"Fischer, Klaus P.",71.457,-196.19
"Fischer, Paul E.",222.39,72.848
"Fischer, Stanley",198.53,80.454
"Fishe, Raymond P.H.",-40.016,-146.75
"Fisher, Adlai J.",-60.46,-14.387
"Fisher, Douglas",321.57,406.63
"Fisher, Jonas D.M.",-640.6,208.32
"Fisher, Lance A.",164.69,-349.54
"Fisher, Mark",-226.09,-61.581
"Fisher, Timothy C.G.",-385.06,-740.04
"Fishman, Michael J.",44.634,-10.972
"Fisman, Raymond J.",61.649,-91.304
"Fissel, Gary S.",252.67,-171.66
"Flaig, Gebhard",357.13,36.173
"Flandreau, Marc R.",267.56,66.843
"Flannery, Mark J.",50.649,-75.825
"Fleming, Grant A.",27.954,241.79
"Fleming, Jeff",-80.934,-77.604
"Fleming, Michael J.",-121.53,5.7643
"Fleming, Wendell H.",-11.737,341.42
"Fletcher, Jonathan",920.6,-962.32
"Flinn, Christopher J.",-14.204,217.39
"Florig, Michael",-260.61,49.069
"Fluck, Zsuzsanna",46.025,-177.1
"Focarelli, Dario",390.36,-59.303
"Foerster, Stephen R.",-19.441,-184.38
"Folkertsma, Carsten K.",235.08,282.28
"Fong, Wai Mun",68.395,1008.3
"Fong, Waiming",32.588,-101.93
"Fonseca, Ana Rosa",536.52,583.79
"Fooladi, Iraj J.",-179.57,-74.439
"Forbes, Kristin J.",93.179,119.07
"Fore, Douglas",-220.14,-28.463
"Foresi, Silverio",-48.123,89.08
"Forges, Françoise",740.47,618.27
"Forni, Lorenzo",-69.814,125.15
"Forni, Mario",215.73,137.02
"Forsyth, Peter A.",1011.9,599.96
"Foster, F. Douglas",-138.95,-235.29
"Foucault, Thierry",-54.944,-89.077
"Fox, Merritt B.",87.054,24.677
"Frame, W. Scott",105.6,-92.989
"Francis, Bill B.",-310.99,65.8
"Francis, Jennifer",-99.577,85.072
"Frank, Murray Z.",-20.59,-99.382
"Franke, Günter",-123.69,151.05
"Frankel, David M.",122.15,-235.91
"Frankel, Jeffrey A.",69.945,141.85
"Frankel, Richard M.",-179.21,-69.019
"Franks, Julian R.",35.596,-97.46
"Frantz, Pascal",384.69,-115.55
"Franzoni, Francesco",-75.255,29.303
"François, Pascal",-192.3,29.57
"François-Heude, Alain",-3.9172,223.81
"Fraser, Donald R.",68.431,-159.35
"Fratianni, Michele U.",230.64,55.188
"Fratzscher, Marcel",169.89,73.166
"Frazzini, Andrea",10.116,-2.5712
"Frederic, Frédéric",-332.67,-84.88
"Freixas, Xavier",125.12,-21.367
"French, Eric B.",64.237,-260.79
"French, Kenneth R.",-24.866,-29.765
"Friberg, Richard",51.469,350.23
"Friebel, Guido",-33.185,92.99
"Frieden, Jeffry A.",274.37,160.27
"Frieder, Laura",-118.41,-54.962
"Friedman, Benjamin M.",155.17,85.504
"Friedman, Craig",337.17,-177.14
"Fries, Steven M.",244.08,-145.91
"Frino, Alex",-89.104,231.61
"Fritz Foley, C.",-40.464,-97.331
"Froda, Sorana M.",-335.54,-206.2
"Froot, Kenneth A.",28.244,22.534
"Frydman, Halina",254.77,-31.402
"Frye, Melissa B.",-230.35,-197.98
"Fu, Xiaoqing (Maggie)",316.54,246.81
"Fuchs, Michael",146.32,-197.0
"Fuerst, Michael E.",-47.202,-175.92
"Fuerst, Timothy S.",-460.4,-882.32
"Fuertes, Ana-María María",115.96,147.44
"Fuhrer, Jeffrey C.",58.988,292.7
"Fujiki, Hiroshi",245.86,34.927
"Fulghieri, Paolo",64.137,-27.191
"Fuller, Kathleen P.",57.24,30.235
"Fulop, Andras",-250.9,-155.81
"Fung, King Fai",-935.0,-182.0
"Fung, William",-84.776,59.888
"Furfine, Craig H.",166.78,-161.44
"Furlong, Frederick T.",219.5,-12.79
"Furtado, Antonio Luz",207.19,-219.36
"Föllmer, Hans",-75.334,-479.17
G LANCIOTTI,386.02,-106.09
GAVIN DRUMMOND,-336.75,-132.84
GENEVIVE VERDIER,360.55,299.37
"GENNOTTE, GERARD",-138.8,99.323
GEOFFREY MATTSON,58.317,-189.22
GEORGE BUCKLEY,-136.74,-122.99
GEORGE DALLAS,90.688,-211.61
GEORGE GC PARKER,-291.73,42.598
GEORGE KONARIS,147.48,257.81
GEORGE WANG,-193.03,-209.28
GERARD BYAM,137.86,-205.14
GERARDO ZUNIGA-VILLASENOR,135.34,-155.63
GERRY SALEMBIER,240.57,-169.52
GIANLUCA VIOLANTE,44.83,171.01
GILLES BAUGEY,274.99,-362.88
GIUSEPPE MAROTTA,84.763,-386.21
GLEN CHRISTENSEN,-264.75,-13.607
GLEN KENTWELL,-108.98,233.51
GLENN MEYERS,242.1,-46.918
GLORIA FUNG,-117.92,-380.57
GLYN PRICHARD,62.456,238.21
GORDON SMITH,70.322,-268.16
GRAEME WELLS,431.32,806.38
GREG EVANS,246.53,-74.168
GREG POWNELL,117.65,-318.35
GUERAM SARGSYAN,-232.38,-28.887
GUSTAVO DEL ANGEL-MOBARAK,217.47,-190.78
GUSTAVO DEMARCO,345.39,-184.13
GUY MCDONOUGH,-167.45,-112.41
GUY SAIDENBERG,46.932,206.19
"Gabaix, Xavier",31.333,61.633
"Gabriel, Stuart A.",74.395,-971.68
"Gadarowski, Christopher",-211.33,-33.872
"Gadhoum, Yoser",35.207,-99.537
"Gagliardini, Patrick",-269.45,159.44
"Gagnon, Jean Marie",4.8424,-277.02
"Gagnon, Louis",-289.31,-138.54
"Gaiotti, Eugenio",351.38,28.884
"Galac, Tomislav",280.34,-280.67
"Galdon-Sanchez, Jose E.",-230.45,590.13
"Gale, Douglas M.",120.36,1.7468
"Gali, Jordi",128.63,176.56
"Galil, Koresh",104.88,-203.34
"Gallagher, David R.",75.284,62.226
"Gallant, A. Ronald",-131.4,-28.095
"Gallmeyer, Michael F.",-122.97,-44.59
"Galluccio, Stefano",-106.99,144.32
"Galor, Oded",405.2,-129.99
"Galpin, Neal",-1.0711,-178.04
"Gambacorta, Leonardo",158.09,-52.593
"Gan, Jie",40.372,-79.931
"Gande, Amar",74.516,-31.253
"Gans, Joshua S.",-85.189,-324.49
"Gao, Bin",-101.6,83.662
"Garbade, Kenneth D.",54.545,-41.575
"Garcia, Philip G.",-748.6,-791.68
"Garcia, René",-123.6,62.134
"García, Diego",36.065,61.049
"García-Ayuso, Manuel",-280.04,127.66
"García-Cestona, Miguel A.",270.13,17.323
"García-Feijóo, Luis",-72.583,-223.16
"Garella, Paolo Giorgio",689.56,-390.07
"Garfinkel, Jon A.",9.2203,-145.19
"Garibaldi, Pietro",689.73,1019.5
"Garicano, Luis",-112.13,-302.44
"Garlappi, Lorenzo",-121.06,-91.226
"Garmaise, Mark J.",12.269,-19.904
"Garretsen, Harry",299.45,-6.9768
"Garrett, Ian",54.458,281.77
"Gart, Alan",927.33,217.55
"Garvey, Gerald T.",3.0947,-162.88
"Gascón, Fernando",495.03,479.86
"Gaspar, José Miguel",-10.673,34.416
"Gaspar, Vítor",201.92,62.782
"Gastineau, Gary L.",-119.15,-268.81
"Gaston, Noel",204.03,-253.42
"Gatchev, Vladimir A.",-20.854,-113.76
"Gatev, Evan",29.846,-53.512
"Gauthier, Geneviève",-321.26,-42.092
"Gavin, William T.",194.56,120.89
"Gay, Gerald D,",-280.91,9.1001
"Ge, Ying",-343.25,195.66
"Gebhardt, William R.",-77.787,-57.269
"Gehrig, Thomas P.",84.716,-52.471
"Gelb, Alan H.",116.44,-168.63
"Gelderman, Maarten",369.51,-99.861
"Gelos, R. Gaston",69.756,-32.29
"Geltner, David Michael M.",-167.33,-173.7
"Geman, Hélyette",-244.94,147.61
"Gemmill, Gordon",98.857,56.15
"Genberg, Hans",166.83,187.12
"Gennaioli, Nicola",121.81,-78.842
"Gentle, James E.",261.94,-49.241
"Gentry, William M.",18.345,84.934
"George, Thomas J.",-88.845,-113.58
"Geraats, Petra M.",143.59,75.818
"Gerardi, Dino",38.113,-272.97
"Gerlach, Stefan",189.74,39.493
"Germain, Laurent",51.377,-81.795
"Gersbach, Hans",131.2,-29.477
"Gertler, Mark L.",74.638,127.05
"Gervais, Simon",-31.51,-27.796
"Geske, Robert",-131.98,141.57
"Getmansky, Mila",-112.69,-67.294
"Geweke, John",-263.23,74.133
"Geyer, Alois L.J.",-43.597,-249.99
"Ghironi, Fabio",380.28,271.33
"Ghosh, Aloke Al",150.02,-20.651
"Ghosh, Chinmoy",-91.136,-213.16
"Ghosh, Shanto",85.175,-205.34
"Ghoshray, Atanu",-888.6,128.32
"Ghossoub, Edgar A.",454.18,191.37
"Ghoudi, Kilani",-504.12,-292.74
"Ghysels, Eric",-39.15,35.626
"Giammarino, Ron M.",-60.737,-24.352
"Giannetti, Antoine",-763.27,-180.51
"Giannetti, Mariassunta",12.958,-23.502
"Giannoni, Marc P.",18.487,233.96
"Giannopoulos, Kostas",-423.86,-275.76
"Giavazzi, Francesco",73.771,-176.79
"Gibbons, Robert S.",33.925,-195.0
"Gibson, Michael S.",-30.783,-386.13
"Gibson, Rajna",-71.101,-93.53
"Gibson, Scott",-23.072,-131.46
"Giesecke, Kay",-69.841,-392.46
"Gil-Alaná, Luís Albériko",-337.58,484.61
"Gilbert, Christopher L.",95.247,-383.96
"Gilbert, R. Alton",247.74,-32.879
"Gilchrist, Simon G.",245.76,140.87
"Gill, Manzoor A.",-215.79,306.8
"Gillan, Stuart L.",-129.23,-154.68
"Gillet, Roland",142.6,170.38
"Gillette, Ann B.",29.523,-156.91
"Gilligan, Thomas W.",-85.901,-193.74
"Gilson, Stuart C.",-137.77,-69.297
"Ginsburgh, Victor A.",-113.07,127.87
"Girardin, Éric",-306.05,-177.56
"Girardone, Claudia",277.51,-141.46
"Giudici, Giancarlo",-74.13,-217.39
"Givens, Gregory E.",287.63,120.94
"Gjesdal, Frøystein",248.22,-346.02
"Glaeser, Edward",53.053,-3.6965
"Glaessner, Thomas C.",164.47,-135.09
"Glaister, Keith W.",-663.27,-660.51
"Glazer, Jacob",-272.28,-71.124
"Gleason, Cristi A.",-230.87,-63.016
"Gleason, Kimberly C.",95.29,-175.61
"Glen, Jack D.",100.03,-184.64
"Glennon, Dennis C.",202.0,-186.13
"Glosten, Lawrence R.",-119.8,-49.756
"Gobbi, Giorgio",287.02,-81.173
"Goddard, John A.",177.47,-50.977
"Goel, Anand Mohan",9.2743,-151.83
"Goergen, Marc",-84.232,29.747
"Goettler, Ronald L.",-140.62,-50.17
"Goetzmann, William Nelson",-30.078,-15.524
"Gogas, Periklis",315.92,309.19
"Gold, Jeremy",-203.09,10.836
"Gold, Mark",341.87,-164.36
"Goldberg, Dror",308.1,234.31
"Goldberg, Lawrence G.",157.82,-151.96
"Goldberg, Linda S.",149.41,-132.77
"Goldman, Eitan Moshe",-7.6216,-42.568
"Goldreich, David",0.63481,-66.523
"Goldstein, Itay",76.616,-40.618
"Goldstein, Michael A.",-153.02,-217.66
"Goldstein, Robert S.",-71.319,-88.25
"Golec, Joseph H.",-149.94,-145.28
"Golinelli, Roberto",315.02,69.14
"Gombola, Michael J.",29.31,-308.13
"Gomes, Armando",110.45,47.262
"Gomes, Francisco J.",-16.472,9.3775
"Gomes, João F.",-11.632,-15.627
"Gomes-Casseres, Benjamin",-730.67,677.55
"Gompers, Paul A.",22.298,-76.34
"Gonzalez, Francisco M.",568.2,510.87
"González Méndez, Víctor Manuel",640.98,542.69
"Goodfriend, Marvin S.",114.19,202.58
"Goodhart, Charles A.E.",129.7,17.527
"Goodman, Theodore H.",-110.45,-245.13
"Goolsbee, Austan D.",-37.609,-236.78
"Gopalan, Radhakrishnan",93.999,-115.9
"Gordon, Robert J.",184.9,160.31
"Gordy, Michael B.",145.64,-39.646
"Goriaev, Alexei",46.84,98.804
"Gorton, Gary B.",33.707,-32.694
"Goswami, Gautam",74.194,-230.37
"Goto, Shingo",-140.63,-37.646
"Gottesman, Aron A.",-61.426,-233.22
"Gottfries, Nils",38.131,436.41
"Gourinchas, Pierre Olivier",221.93,67.631
"Gouriéroux, Christian",-298.88,115.56
"Gourville, John T.",-25.989,86.674
"Govindaraj, Suresh",-72.375,-284.49
"Gowrisankaran, Gautam",222.21,-29.098
"Goyal, Amit",-47.547,24.233
"Goyal, Vidhan K.",17.433,-69.665
"Grace, Martin F.",70.124,176.42
"Grafe, Clemens",3.2328,-201.1
"Graham, John R.",-59.059,-60.012
"Grammig, Joachim",-44.585,-270.97
"Granato, Jim",-125.47,-277.3
"Granger, Clive W.J.",-188.73,5.5677
"Grant, Charles",205.03,96.117
"Grant, James L.",-13.782,697.19
"Grant, Simon",225.4,-252.54
"Grauer, Robert R.",-157.14,110.09
"Graveline, Jeremy J.",-180.61,-162.68
"Gray, Philip K.",217.76,-59.345
"Gray, Stephen F.",-108.28,-0.19563
"Green, Edward J.",175.01,-144.91
"Green, Richard C.",-29.371,-57.572
"Green, T. Clifton",-85.96,-22.942
"Greenberg, David H.",-113.15,-306.32
"Greene, Jason T.",-263.34,-70.213
"Greene, William H.",49.79,-103.11
"Greenstone, Michael",-5.82,-267.41
"Greenwood, Robin M.",6.9835,-13.659
"Grenadier, Steven R.",-38.073,8.893
"Gresik, Thomas A.",-179.62,-213.99
"Gresse, Carole",-320.61,-110.2
"Greyserman, Alex",897.94,-660.04
"Grier, Kevin B.",-80.271,289.93
"Grier, Robin M.",-220.62,324.12
"Griffin, John M.",-178.88,-59.034
"Griffith, Rachel",216.81,22.995
"Grinblatt, Mark S.",-45.142,-33.53
"Grinstein, Yaniv",-82.38,-66.547
"Groen, Jan J J",118.97,201.36
"Gromb, Denis",29.805,-38.029
"Gron, Anne",61.031,-117.1
"Gropp, Reint E.",123.46,-41.265
"Gropper, Daniel M.",169.77,-97.666
"Grout, Paul A.",32.65,-133.74
"Gruber, Jonathan",-175.84,-180.51
"Gruber, Martin J.",-52.521,-16.869
"Grullon, Gustavo",-52.708,-71.058
"Grundy, Bruce D.",-108.69,-44.325
"Grunert, Jens",146.58,-106.8
"Grönqvist, Erik",235.88,-151.22
"Gu, Zhaoyang",-170.51,134.96
"Gual, Jordi",281.61,-148.24
"Guan, Wei",-260.19,-190.03
"Guariglia, Alessandra",239.95,-327.89
"Guarino, Antonio",254.85,-91.7
"Guay, Wayne R.",34.159,-40.231
"Guedhami, Omrane",94.168,-170.07
"Guembel, Alexander",63.228,-235.84
"Guenster, Nadja",9.6556,203.11
"Guenther, David A.",-175.61,-91.431
"Guerra, Maria",1109.6,957.68
"Guerrieri, Luca",131.13,163.76
"Guinnane, Timothy W.",137.4,-210.39
"Guiso, Luigi",78.574,10.921
"Gulen, Huseyin",-72.797,-81.815
"Gunther, Jeffery W.",222.54,-69.096
"Guo, Hui",24.333,155.64
"Guo, Lin",80.869,-207.86
"Guo, Rejin",-109.84,-134.01
"Gup, Benton E.",112.66,-274.2
"Gupta, Anurag",36.653,34.424
"Gupta, Atul",135.31,136.75
"Gupta, Kanhaya L.",-86.575,389.66
"Gupta, Nandini",62.47,-179.89
"Guryan, Jonathan",-40.304,89.264
"Gust, Christopher J.",182.45,267.05
"Guthrie, Graeme A.",6.5797,116.49
"Gutierrez, Roberto C.",-13.236,-105.03
"Gwin, Carl R.",-4.8373,252.45
"Gârleanu, Nicolae",-116.11,-27.6
"Géczy, Christopher C.",-118.88,15.012
"Gérard, Bruno",-191.23,81.793
"Gómez-Biscarri, Javier",-281.33,636.62
"Güner, A. Burak",-78.223,89.236
"Güntay, Levent",-166.88,81.475
"Gürkan, Gül",165.44,162.46
"Gürkaynak, Refet S.",113.18,143.73
H MIYAGISHI,247.21,-118.07
H RAYMOND,-303.89,94.637
H ZAVARCE,241.69,-203.99
"H. McInish, Thomas",-183.36,106.67
HAIZHOU ZHOU,116.54,-213.24
HAL BOSHER,-129.79,-257.64
HAL JOHNSON,-245.0,-41.408
HAMZA MALIK,-15.706,304.57
HAN LEE,-209.56,-97.652
HANK REILING,-98.366,-179.56
HANNAH SABINE HEMPELL,141.38,-141.16
HANS GEIGER,89.415,-314.39
HANS GROENEVELD,373.1,-66.586
HC HO,-126.26,222.11
HD VINOD,-301.09,-336.23
HEIKKI KOSKENKYLA,-217.06,845.91
HELIMA CROFT,145.74,263.13
HENRY CHEESEMAN,-0.014597,-153.21
HERBERT BLOCH,255.14,-215.94
HERBERT SCHIMPE,302.63,-338.97
HONG LI,110.78,273.85
HUI HAO,-288.24,-136.35
HYUNG-SOK AHN,50.947,324.6
"Haan, Marco A.",-48.027,-600.76
"Haber, Stephen H.",117.59,-82.548
"Habib, Michel A.",19.486,-159.36
"Hackbarth, Dirk",-17.678,21.613
"Hadlock, Charles J.",-6.2709,-118.98
"Hagedoorn, John",-767.27,739.49
"Hagerman, Robert L.",46.917,-279.77
"Hagerty, Kathleen M.",-118.9,-102.03
"Hahn, Jaehoon",-260.42,-39.082
"Hahn, Volker",10.447,-258.12
"Haider, Steven J.",-84.755,66.246
"Haigh, Michael S.",-700.06,399.96
"Hail, Luzi",-318.4,-65.702
"Hait, David J.",46.536,211.78
"Hakansson, Nils H.",-225.74,78.586
"Hakenes, Hendrik",213.37,-54.263
"Hakkio, Craig S.",391.54,-62.105
"Haldane, Andrew G.",291.37,52.607
"Hale, Galina B.",235.82,-53.196
"Haliassos, Michael",-7.5766,109.19
"Hall, Anthony D.",38.25,263.88
"Hall, Arden R.",266.45,-221.51
"Hall, Brian J.",7.2091,21.303
"Hall, M. J.D.",-861.27,39.487
"Hall, Robert E.",-144.96,96.668
"Hallerbach, Winfried G.",-272.89,53.735
"Halling, Michael",25.341,-288.34
"Hallsten, Kerstin",40.463,351.23
"Halpern, László",247.83,-152.77
"Haltmaier, Jane T.",61.752,271.0
"Hamada, Koichi",312.36,162.4
"Hamao, Yasushi",-275.29,-279.84
"Hameed, Allaudeen",-61.848,4.2602
"Hamilton, James D.",96.356,126.35
"Hamilton, Stanley W.",2.6576,-449.27
"Hammock, Michael R.",-262.83,-271.12
"Han, Bing",-82.767,-13.159
"Han, Jerry C.Y.",-208.8,92.52
"Han, Song",-15.15,-387.05
"Han, Yufeng",-107.86,-91.279
"Hancock, Diana G.",159.53,-65.285
"Hand, John R.M.",-120.67,-26.247
"Handa, Puneet",-299.56,23.572
"Handley, John C.",180.15,-252.76
"Hanes, Christopher",190.59,97.288
"Hanka, Gordon",-171.07,-281.04
"Hanke, Bernd",-218.31,-32.341
"Hanlon, Michelle",-94.3,-348.07
"Hanna, J. Douglas",-251.51,15.422
"Hannan, Timothy H.",127.93,-86.752
"Hansch, Oliver",-163.16,-33.185
"Hansen, Bruce E.",-118.08,225.14
"Hansen, Charlotte Strunk",-121.05,165.35
"Hansen, Ernst",-150.9,-205.68
"Hansen, Lars Peter",9.6456,65.288
"Hansen, Peter Reinhard",-94.971,144.23
"Hansen, Robert S.",-56.595,-148.09
"Hanson, James A.",203.46,-161.4
"Hanson, Michael S.",65.819,194.97
"Hanson, Samuel G.",220.15,-82.857
"Hanweck, Gerald A.",234.91,-200.16
"Harbaugh, Rick",38.385,-336.44
"Hardle, Wolfgang H.",-251.31,75.513
"Hardouvelis, Gikas A.",-173.47,159.4
"Hardwick, Philip",-424.13,17.284
"Hardy, Daniel C.",165.32,-120.68
"Harford, Jarrad",-29.611,-126.95
"Harper, Joel T.",258.21,-116.15
"Harrington, Scott E.",-75.796,-296.46
"Harris, Jeffrey H.",-75.56,-133.44
"Harris, Lawrence E.",-92.386,-111.66
"Harris, Milton",-255.27,-85.942
"Harrison, Ann E.",106.99,-243.89
"Harrison, Glenn W.",-233.85,-56.725
"Harrison, Paul",142.98,-171.92
"Harrison, Teresa D.",-261.46,-247.55
"Hart, Oliver D.",25.562,-133.5
"Hart, Sergiu",112.11,107.79
"Hartmann, Philipp",183.37,7.6229
"Hartzell, Jay C.",-59.392,-111.6
"Haruvy, Ernan E.",381.33,877.55
"Harvey, Campbell R.",-27.226,-31.847
"Hasan, Iftekhar",138.43,-124.48
"Hasbrouck, Joel",-31.167,-77.936
"Haslem, Bruce",77.671,-239.37
"Hass, Jerome E.",-173.38,-23.517
"Hassan, M. Kabir",74.395,-891.68
"Hatch, Brian C.",-77.175,-214.34
"Hatheway, Frank M.",-100.78,-231.5
"Hau, Harald",1.6185,145.5
"Haubrich, Joseph G.",114.3,-63.559
"Haurin, Donald R.",18.15,-448.98
"Hausch, Donald B.",-24.229,-232.62
"Hauser, Shmuel",45.066,-212.02
"Haushalter, David David",-83.568,-273.13
"Hausman, Jerry A.",121.61,47.774
"Hausmann, Ricardo",18.11,-264.53
"Hauswald, Robert",91.976,-82.297
"Havrylchyk, Olena",292.9,-99.635
"Havrylyshyn, Oleh",238.43,-158.33
"Hax, Arnoldo C.",-50.523,-249.84
"Hayes, Rachel M.",-61.679,-176.28
"Hayes, Simon",293.72,94.052
"Haynes, George W.",158.0,-268.01
"Hazlett, Thomas Winslow",23.489,-219.3
"He, Hua",-147.22,87.993
"He, Zhiguo",-203.81,31.295
"Heal, Geoffrey M.",411.6,-942.32
"Heaney, John",-282.73,135.72
"Heaton, Hal B.",-287.74,-101.88
"Heaton, James B.",-67.675,116.19
"Heaton, John C.",-17.243,44.755
"Hecht, Peter",-79.992,20.533
"Hecq, Alain",-297.96,105.68
"Heffernan, Shelagh A.",175.69,243.48
"Hegde, Shantaram P.",366.4,-851.68
"Hege, Ulrich",55.656,-7.4284
"Heidari, Massoud",-92.407,177.44
"Heider, Florian",-61.776,-124.57
"Heidle, Hans G.",-98.07,-144.36
"Hein, Scott E.",-28.756,-209.06
"Heinemann, Frank",231.98,52.333
"Heinkel, Robert L.",12.308,-176.7
"Heitfield, Erik A.",241.64,-78.058
"Helland, Eric A.",-255.19,-67.212
"Hellmann, Thomas F.",41.599,-122.54
"Hellwig, Martin F.",103.39,-28.202
"Helmantel, Mark",-153.25,-18.601
"Helpman, Elhanan",221.08,-22.588
"Helwege, Jean",-2.7901,-39.005
"Hemler, Michael L.",-139.31,-135.51
"Hendershott, Patric H.",35.01,-296.16
"Hendershott, Terrence",-67.452,-101.55
"Henderson, Brian J.",18.235,-38.019
"Henderson, Dale W.",130.94,32.565
"Henderson, Rebecca M.",114.24,9.7386
"Hendricks, Darryll",215.14,-157.24
"Hendry, David F.",293.64,-273.55
"Hennessy, Christopher A.",1.3477,-21.446
"Henrotte, Philippe",-264.67,-29.001
"Henry, Peter Blair",-68.929,-5.7414
"Henry, Tyler R.",-98.999,-73.647
"Hens, Thorsten",185.31,-256.52
"Hentschel, Ludger",-176.79,52.662
"Hercowitz, Zvi",149.56,102.23
"Hermalin, Benjamin E.",-72.89,-174.56
"Hermann, Werner",73.642,-320.96
"Hermes, Niels",328.65,-48.882
"Hernando, Ignacio",208.83,-174.2
"Hernández-Verme, Paula Lourdes",336.8,94.639
"Herrera, Helios",110.02,192.15
"Herring, Richard John",153.45,-123.17
"Herrmann, Heinz",224.97,66.738
"Hertzberg, Andrew",-320.01,-68.175
"Hertzel, Michael G.",-82.369,-153.41
"Herzog, John P.",-254.1,171.32
"Hess, Alan C.",30.158,-78.802
"Hess, Gregory D.",85.671,259.75
"Heston, Steven L.",-3.7992,66.152
"Hettenhouse, George W.",-159.57,-22.884
"Hetzel, Robert L.",120.26,193.56
"Hibiki, Norio",44.503,-428.25
"Hickson, Charles R.",-176.68,295.82
"Hidalgo, Fernando Pérez de Garcia",-303.79,602.13
"Higgins, Eric James",178.53,-193.67
"Higgins, Matthew J.",-200.06,-175.25
"Higgins, Robert C.",141.96,-306.76
"Hilary, Gilles",-13.696,-139.76
"Hilliard, James I.",141.43,-136.61
"Hillier, Joe",-9.236,227.61
"Hillion, Pierre",-87.403,-50.028
"Hills, Robert",348.58,307.31
"Hilton, Spence",169.71,226.0
"Himmelberg, Charles P.",39.415,-86.274
"Hines, James R.",-48.517,-91.74
"Hirschey, Mark John",-0.21424,-308.48
"Hirshleifer, David",-53.669,-55.965
"Hirshleifer, Jack",-171.25,-18.365
"Hirtle, Beverly J.",109.34,-93.24
"Hite, Gailen L.",-219.9,-77.377
"Ho, Chiacheng",-134.58,-315.85
"Ho, Richard",-183.57,-354.32
"Ho, Wai Ming",450.57,677.61
"Hoberg, Gerard",-251.38,-30.365
"Hochberg, Yael V.",-253.58,-14.407
"Hodder, James E.",-81.27,142.48
"Hodder, Leslie D.",-180.08,191.48
"Hodge, Frank D.",-317.62,-21.275
"Hodges, Stewart",-90.279,134.61
"Hodrick, Laurie Simon",-76.92,-36.714
"Hodrick, Robert J.",-71.769,35.882
"Hoffman, Barak",14.648,254.56
"Hoffman, Philip T.",-35.27,-235.97
"Hoffmann, Mathias",203.69,-33.763
"Hofmann, Christian",-113.82,-204.1
"Hofmans, Heleen M J",-95.431,-639.59
"Hogan, Arthur M.B.",-62.181,-327.45
"Hogan, Steve",-58.398,53.149
"Hogan, Vincent",182.05,-71.396
"Hoggarth, Glenn",274.06,51.268
"Holden, Craig W.",10.534,-162.62
"Holden, Sarah",-192.35,62.632
"Holden, Steinar",56.718,197.24
"Holderness, Clifford G.",-15.802,-129.52
"Hollifield, Burton",-79.108,-3.4593
"Holmes, Andrew",-284.18,-117.73
"Holmes, Phil",617.37,-131.83
"Holmström, Bengt R.",7.6064,-148.74
"Holmén, Martin",28.3,-91.526
"Holthausen, Cornelia",159.96,-0.95031
"Holthausen, Robert W.",-120.65,-254.36
"Homa, Kenneth E.",-168.87,-236.36
"Hommes, Cars",273.55,119.85
"Hong, Bi Shia",374.46,-599.8
"Hong, Dong",-170.84,-104.09
"Hong, Gwangheon",44.271,-237.76
"Hong, Harrison",-31.878,-38.796
"Hong, Yongmiao",-132.71,59.937
"Honohan, Patrick",110.66,-80.813
"Honoré, Bo E.",-239.04,178.45
"Hooker, Mark A.",151.57,198.95
"Hooper, Vince C.",-226.31,266.91
"Hoover, Kevin D.",158.71,257.05
"Hope, Nicholas C.",-207.26,54.945
"Hope, Ole Kristian",54.0,13.884
"Hopenhayn, Hugo A.",-201.62,83.086
"Hoppe, Heidrun C.",243.52,20.849
"Horst, Ulrich",-54.101,-482.43
"Hoshi, Takeo",8.5391,-197.46
"Hotchkiss, Edith SHWALB",27.398,-9.5227
"Hou, Kewei",-45.522,-24.837
"Houston, Joel F.",-12.517,-270.71
"Houweling, Patrick",-383.34,-53.745
"Hovakimian, Armen",24.821,-49.478
"Hovakimian, Gayané",34.208,-110.6
"Howe, John S.",-74.603,59.726
"Howells, Bradley",169.52,-37.529
"Howitt, Peter W.",299.83,-146.49
"Hoxby, Caroline Minter",77.648,-252.56
"Hranaiova, Jana",-772.27,399.49
"Hribar, Paul",-114.87,-21.221
"Hsieh, David A.",-59.024,33.673
"Hsieh, Jim",-27.164,-112.04
"Hsu, David",-17.73,-190.77
"Hsu, Jason C.",-194.84,5.8591
"Hu, Charles X.",99.942,-142.51
"Hu, Jian",83.103,3.9638
"Huang, Haizhou",168.66,10.708
"Huang, Hung Hsi",-947.0,798.0
"Huang, Jing Zhi",-67.551,36.337
"Huang, Lixin",-135.87,148.26
"Huang, Ming",-60.32,29.507
"Huang, Roger D.",51.919,-156.19
"Huang, Rongbing",144.98,-115.13
"Huang, Shirley J.",-196.87,234.29
"Huang, Wei",-143.29,-153.43
"Huart, Florence",-328.05,-110.89
"Hubbard, R. Glenn",-152.58,-362.75
"Huberman, Gur",-29.813,-102.7
"Huddart, Steven J.",-98.004,-248.14
"Hueckel, Glenn",846.62,-316.07
"Hueng, C. James",198.8,369.18
"Hughes, Joseph P.",249.09,-136.66
"Hughson, Eric N.",-89.739,-32.596
"Huizinga, Harry P.",292.2,-32.835
"Hull, John C.",-165.75,-97.246
"Humphrey, David Burras",262.08,-188.04
"Hund, John E.",-265.92,-54.914
"Hunter, Delroy M.",-350.68,-306.22
"Hurst, Erik",56.416,53.213
"Huson, Mark R.",43.036,-206.22
"Hutchison, Michael M.",120.69,-355.41
"Hvide, Hans K.",-42.518,-433.0
"Hvidkjaer, Soeren",-54.258,-31.519
"Hwang, Chuan Yang",-94.848,-87.341
"Hyman, Jay",-275.78,-166.09
"Högfeldt, Peter",27.341,-83.293
"Hördahl, Peter",-204.63,287.01
"Hübner, Georges",-240.48,60.029
"Hülsewig, Oliver",246.03,30.088
"Hürlimann, Werner",204.33,280.76
IAN MACMILLAN,63.597,120.94
IN CHOI,49.788,-248.99
IRINA KORABLEV,-127.16,-361.35
ISABEL GODDE,109.72,-111.0
ISH ROSENBLIT,132.0,209.24
"Ibbotson, Roger G.",-204.2,2.2058
"Ichimura, Hidehiko",-27.636,399.46
"Ichino, Andrea",79.874,-190.97
"Ickes, Barry W.",91.578,229.55
"Ihrig, Jane E.",55.25,272.11
"Ikenberry, David L.",-133.0,-146.2
"Illing, Gerhard",229.12,58.2
"Imai, Masami",191.5,-262.7
"Imbens, Guido W.",0.124,-238.6
"Impenna, Claudio",404.56,-222.93
"Inderst, Roman",66.157,-55.828
"Ingersoll, Jonathan E.",-83.18,32.421
"Inman, Robert P.",137.0,-58.04
"Instefjord, Norvald",-4.5837,168.48
"Inui, Koji",-318.4,-662.32
"Ioannidis, Christos P.",350.11,-239.32
"Ioannidou, Vasso P.",294.08,243.6
"Ioffe, Ioulia D.",-312.77,-373.63
"Ireland, Peter N.",198.65,199.94
"Irmen, Andreas",258.82,-63.618
"Irvine, Paul J.",-88.351,-81.916
"Isaac, Alan G.",-162.66,259.64
"Isagawa, Nobuyuki",-54.665,-457.72
"Isakov, Dušan",-183.13,-53.147
"Iskandar-Datta, Mai E.",-254.16,-62.547
"Israel, Ronen",-135.89,-60.599
"Itoh, Hideshi",-221.87,307.37
"Ivković, Zoran",-38.806,-93.553
"Iwata, Shigeru",-261.8,193.49
"Iyengar, Garud N.",-53.691,-236.11
"Ize, Alain",185.43,-86.753
J PRIESEMANN,409.54,-211.84
J TALBOT,90.71,224.41
J-M GODEFFROY,435.98,-127.03
JAAKO WIANDER,379.81,111.5
JACK NOWAKOWSKI,38.676,-248.89
JACOB GOLDFIELD,-153.33,108.29
JACOB LESTER,-261.68,-7.5649
JAFFER QAMAR,-249.14,-136.95
JAI WOONG LEE,-276.93,-284.87
JAMES BANG,-67.721,241.92
JAMES BRANDON,-266.71,-67.217
JAMES E SHAPIRO,-19.572,-145.07
JAMES MARCHAND,164.7,-88.266
JAMES TRAVIS,-141.81,92.455
JAN MARTH-SMITH,296.0,-115.16
JAN VAN DER MEULEN,-284.84,10.838
JANE HSU,154.92,72.848
JANICE MITNICK,-231.24,-134.32
JANICE WILLETT,45.668,59.001
JAPP ABBRING,-147.5,211.81
JASON BROWN,120.4,293.78
JASON SMITH,-250.15,-137.66
JAY LIGHT,-159.54,9.5034
JAY YUAN,-99.652,155.18
JE IK SOHN,-70.374,145.75
JEAN FARES,-140.68,344.11
JEAN-HUGUES LAFLEUR,-293.66,-269.64
JEFF BEVELANDER,-54.323,101.56
JEREMY KAEFER,-191.91,129.29
JEROME SAULNIER,392.32,-11.519
JERRY FONS,-283.83,-148.18
JERRY KEATING,219.01,-535.79
JESSICA SERRANO,198.7,-183.81
JIAN WU,-251.65,45.649
JILL RICHARDSON,165.02,-111.85
JILL ZENDER,-232.62,-70.89
JIM JOHNSON,93.078,-210.49
JIM PAPADONIS,193.82,-270.69
JIMMY SENTEZA,182.17,58.832
JIUHUA CHE,-129.44,220.45
JOACHIM SKOR,-151.65,-350.61
JOACHIM VOCH,-52.114,243.91
JOAO PEDRO NUNES,-11.592,239.57
JOAO RATO,-153.02,177.05
JOEL DICKSON,-184.31,44.721
JOHANNA FEDERMUTZE,-231.79,77.976
JOHN DE FIGUEIREDO,121.35,111.11
JOHN GRUENSTEIN,213.13,-278.92
JOHN HANSON,372.11,286.79
JOHN JACKSON,287.9,78.615
JOHN KNIGHT,-325.32,-93.166
JOHN MAJOR,250.29,90.766
JOHN NASIR,-102.14,-224.79
JOHN PHILLIPS,-166.57,-149.9
JOHN VAN HUYCK,136.03,72.74
JOHN WHITMORE,-189.72,0.5782
JON ENQVIST,251.6,-34.146
JON HUNTLEY,-309.6,39.03
JONATHAN PRICE,-203.69,-52.86
JONATHAN SPRING,-170.3,90.444
JONATHAN WANG,-123.69,91.859
JORGE PEREZ,237.8,-142.37
JORGE RODRIGUEZ,-57.343,143.44
JORIM SCHRAVEN,373.15,64.221
JORN ROTHE,258.86,-48.092
JOSE ANTONIO GONZALEZ,186.5,-228.27
JOSE CARLOS SOUZA SANTOS,280.83,-224.0
JOSE L ESCRIVA,221.36,222.2
JOSEPH LEVIN,-154.72,-255.42
JOSZEF SAKOVICS,192.34,136.37
JP NUNES,-613.67,57.553
JUDGE SAMUEL BUFFORD,-163.9,-141.03
JULIAN ABDEY,61.69,12.486
JULIANE GODEHARDT,331.21,-106.29
JULIE ADILETTA,298.27,-205.26
JUNE LAI,-151.58,-367.76
"Jaccard, Ivan",-175.03,248.96
"Jackson, Andrew R.",27.502,9.2989
"Jackson, Patricia",169.89,17.616
"Jackson, William E.",197.54,-200.4
"Jackwerth, Jens Carsten",-50.417,229.24
"Jacobs, Jack B.",-91.263,-278.94
"Jacobs, Kris",-45.771,19.286
"Jacobsen, Ben",30.492,200.46
"Jacobson, Tor",208.67,-134.55
"Jacoby, Gady",-75.855,-229.55
"Jacod, Jean",-71.261,218.33
"Jacquier, Éric",-137.26,-20.881
"Jaffe, Adam B.",-695.06,739.96
"Jafry, Yusuf",203.48,-83.105
"Jagannathan, Murali",-185.35,-108.44
"Jagannathan, Ravi",-28.39,-41.528
"Jaggia, Sanjiv",-179.6,-971.68
"Jagolinzer, Alan D.",255.41,-79.238
"Jagtiani, Julapa A.",76.245,-241.22
"Jain, Pankaj K.",20.489,-233.43
"Jain, Prem C.",-40.528,-138.95
"Jakob, Keith J.",-123.52,-145.96
"Jallath-Coria, Eduardo",63.217,63.809
"James, Christopher M.",72.699,-83.99
"James, Kevin R.",300.21,11.815
"Janeček, Karel",-153.82,146.82
"Jankov, Ljubinko",230.29,-184.92
"Janmaat, John A.",-216.15,106.35
"Jansen, Dennis W.",393.91,260.21
"Jansen, Eilev S.",156.02,253.3
"Janssen, Norbert G.J.",328.6,83.116
"Jappelli, Tullio",115.32,-52.404
"Jarnecic, Elvis",189.68,123.92
"Jarrell, Gregg A.",147.48,83.777
"Jarrow, Robert A.",-95.588,31.041
"Jayaraman, Narayanan",-104.28,-91.131
"Jazbec, Boštjan",360.18,15.046
"Jean-Baptiste, Eslyn L.",171.85,-114.22
"Jeanne, Olivier",179.57,3.4193
"Jeanneret, Pierre",-181.02,-231.82
"Jegadeesh, Narasimhan",-40.551,-31.558
"Jeitschko, Thomas D.",271.34,598.7
"Jen, Frank C.",-202.29,-351.71
"Jenkinson, Tim J.",-69.175,-125.71
"Jennings, Robert H.",-15.51,-146.31
"Jennings, Ross G.",82.824,-425.48
"Jensen, Henrik",89.144,290.4
"Jensen, Michael C.",-12.276,-149.21
"Jenter, Dirk",-11.587,-27.349
"Jermann, Urban J.",-62.636,127.26
"Jerome, Afeikhena T.",157.77,-173.93
"Jeske, Karsten",362.94,-181.77
"Jeung, Shin Dong",241.33,588.97
"Ji, Xiuqing",-133.68,18.278
"Jiambalvo, James",-315.73,-4.9096
"Jiang, Christine X.",-28.876,-295.41
"Jiang, Danling",-176.84,-48.216
"Jiang, George J.",-114.13,-52.242
"Jiang, Guolin",96.284,23.58
"Jiang, Li",363.92,117.34
"Jiang, Wei",-9.1888,-83.221
"Jiltsov, Alexei",-3.5818,51.461
"Jiménez, Gabriel",120.91,-60.972
"Jin, Li",-15.322,-39.042
"Jin, Yanbo",-103.94,-218.08
"Jindra, Jan A.N.",70.331,-95.414
"Jiraporn, Pornsit",869.05,854.63
"Jobst, Norbert J.",-100.22,329.1
"Jog, Vijay M.",-405.0,-252.58
"Joh, Sung Wook",114.08,-160.16
"Johannes, Michael S.",-91.28,45.958
"Johansen, Søren",75.658,193.01
"John, Kose",40.545,-38.632
"Johnsen, D. Bruce",-92.056,-298.51
"Johnsen, Thore",-6.2837,-435.56
"Johnson, Lewis D.",-300.91,-86.273
"Johnson, Shane A.",-69.494,-136.06
"Johnson, Simon",67.126,-37.54
"Johnson, Timothy C.",-16.111,35.53
"Johnson, Willene A.",-227.37,-16.284
"Johnson, Woodrow T.",-11.386,-156.56
"Johnston, Jarrod",362.92,2.1848
"Johnstone, David J.",-256.01,262.12
"Jokivuolle, Esa",-188.61,758.01
"Jones, Barry E.",-449.43,-539.59
"Jones, Charles I.",149.02,239.19
"Jones, Charles M.",-76.073,-118.72
"Jones, Christopher S.",-99.246,6.1783
"Jones, David S.",259.93,-88.069
"Jones, Douglas H.",825.73,-660.51
"Jones, Howard S.",-56.977,-132.03
"Jones, Kenneth D.",253.12,-118.65
"Jordan, Bradford D.",-117.32,-65.167
"Jordan, John S.",244.02,-194.51
"Jordan, Ronald J.",-136.87,-205.16
"Jordà, Òscar",100.75,154.34
"Jorion, Philippe",44.386,-95.974
"Jostova, Gergana",-196.92,29.528
"Jovanovic, Boyan",48.695,26.781
"Ju, Nengjiu",44.209,-26.076
"Judd, Kenneth L.",126.59,-228.32
"Juergens, Jennifer L.",-71.319,86.817
"Juh, Steve",-191.58,-13.199
"Jung, Taehun",134.09,284.78
"Jung, Yongseung",22.378,132.89
"Junker, Markus",-454.38,774.48
"Junttila, Juha",-176.13,66.728
"Jørgensen, Bjørn N.",54.197,-91.86
K DE GEEST,394.05,-243.8
KALPANA NARAYANAN,-204.64,-217.68
KANAKO TOI,687.26,308.05
KATHARINE BAKER,-64.515,-143.42
KATHRYN MORAN,307.86,-7.5416
KATIE DONOHUE,89.099,-164.46
KAZUNARI OHASHI,117.29,-345.4
KEES JAN VAN GARDEREN,111.33,272.26
KEHONG WEN,-125.27,-120.03
KEN MORSE,-146.99,-297.49
KIT BAUM,251.76,381.13
KOBI BRAUDE,-141.59,132.76
KOHSUKE OYA,47.767,363.56
KONSTANTIN STYRIN,-678.67,957.55
KURT SHEFHARI,-230.23,82.154
"Kabanov, Yuri M.",-52.545,184.0
"Kabir, M. Humayun",145.6,-902.32
"Kabir, Rezaul",-199.45,121.28
"Kacperczyk, Marcin",-58.396,7.4212
"Kadan, Ohad",-87.855,-59.089
"Kadapakkam, Palani Rajan",-127.49,136.84
"Kadlec, Gregory B.",-127.46,-87.888
"Kahan, Marcel",12.404,-185.57
"Kahl, Matthias",-10.093,25.823
"Kahle, Kathleen M.",-4.7932,-196.15
"Kahn, Charles M.",85.717,-53.977
"Kahneman, Daniel",203.19,156.62
"Kakkar, Vikas",-86.332,283.03
"Kalay, Avner",-72.347,-147.38
"Kale, Jayant R.",-65.921,-135.23
"Kalev, Petko S.",206.97,103.34
"Kalkbrener, Michael",-374.4,1017.7
"Kallunki, Juha Pekka",-159.99,87.585
"Kalpathy, Swaminathan",-204.55,-189.17
"Kamar, Ehud",-223.27,-123.21
"Kamara, Avraham",-117.94,-1.8057
"Kambhu, John",223.53,9.3261
"Kaminsky, Graciela Laura",49.278,39.184
"Kamstra, Mark J.",-113.19,54.428
"Kan, Raymond",-95.995,8.7502
"Kanas, Angelos",287.63,-146.28
"Kanatas, George",-34.641,-82.206
"Kandel, Eugene",-36.235,-60.651
"Kane, Edward J.",62.05,-122.43
"Kane, Steve",142.65,-123.26
"Kang, Jun Koo",56.669,-125.53
"Kang, Qiang",-45.953,54.272
"Kaniel, Ron",-72.681,-53.747
"Kanniainen, Vesa",128.21,-135.72
"Kantor, Shawn Everett",245.8,-2.4337
"Kao, Chiang",1157.6,197.68
"Kapetanios, George",108.44,166.66
"Kaplan, Steven N.",-0.86168,-61.779
"Kaplow, Louis",73.784,115.84
"Kara, Amit",252.44,176.62
"Karatzas, Ioannis",-221.11,114.39
"Karbhari, Yusuf",692.94,879.96
"Karceski, Jason",45.921,-43.628
"Kareken, John H.",-222.7,-25.161
"Karmel, Roberta S.",91.625,-195.18
"Karolyi, G. Andrew",-12.226,-58.46
"Karpoff, Jonathan M.",-0.87388,-92.387
"Kashyap, Anil K.",85.611,-4.0605
"Kato, Hideaki Kiyoshi",-108.65,-230.14
"Katz, Eliakim",-348.98,-336.47
"Katz, Lawrence F.",91.87,12.527
"Katzman, Brett E.",-97.966,-251.55
"Kaufman, George G.",96.446,-150.9
"Kaul, Gautam",-78.76,34.89
"Kavajecz, Kenneth A.",-51.014,-5.3437
"Kavussanos, Manolis G.",-757.4,-882.32
"Kawalec, Stefan",315.4,-243.13
"Kayhan, Ayla",-166.26,-221.42
"Kazarian, Dick",-149.43,27.951
"Kazmi, S. H K",1024.7,739.49
"Ke, Bin",27.756,-313.81
"Keating, Elizabeth K.",18.995,-220.08
"Kedia, Simi",0.46909,-76.584
"Keefer, Philip",54.71,-197.37
"Keehong Bae, Kee",-139.66,-101.52
"Keiber, Karl Ludwig",-206.51,-90.505
"Keim, Donald B.",-146.11,106.4
"Keller, Joachim G.",186.6,258.17
"Keller, Thomas F.",-179.88,-80.696
"Kelley, Eric K.",-191.61,-219.82
"Keloharju, Matti",-42.648,9.593
"Kelton, Christina M.L.",-291.51,-233.68
"Kemme, David M.",355.84,-26.152
"Kempf, Alexander",-292.01,-165.59
"Kenen, Peter B.",277.86,155.3
"Kennedy, Jane Jollineau",-305.18,40.077
"Kennickell, Arthur B.",-117.77,-86.185
"Keppo, Jussi",-117.12,91.2
"Kerkhof, Jeroen",-262.39,-102.01
"Kerr, William R.",305.87,32.855
"Kessler, Stephan",-162.98,255.83
"Keswani, Aneel",234.06,202.85
"Keuschnigg, Christian",121.17,-150.76
"Khaliq, Abdul",1096.9,739.96
"Khan, Hashmat",28.919,193.72
"Khang, Kenneth",7.9446,-272.47
"Khanna, Naveen",-29.447,-171.08
"Khanna, Tarun",152.46,-104.64
"Kho, Bongchan",-17.183,-64.069
"Khorana, Ajay",-8.255,-34.54
"Khoroshilov, Yuri",-152.1,-50.953
"Khoury, Sarkis Joseph",-323.3,-235.46
"Khurshed, Arif",-156.44,18.503
"Khwaja, Asim Ijaz",37.252,-5.2238
"Kibzun, Andrey I.",-175.4,-902.32
"Kieschnick, Robert L.",3.9022,-234.49
"Kihanda, Joseph",849.4,-951.68
"Kihlstrom, Richard E.",-55.285,34.797
"Kijima, Masaaki",-389.6,-651.68
"Kikutani, Tatsuya",-185.63,327.28
"Kilian, Lutz",22.564,103.91
"Kim, Chang Jin",-1.3167,142.48
"Kim, E. Han",8.937,-60.038
"Kim, Hwagyun",1118.6,-322.32
"Kim, Joonghyuk",-122.05,-74.091
"Kim, Junil",288.13,-186.64
"Kim, Kenneth A.",-203.33,-211.75
"Kim, Moshe",213.9,-237.35
"Kim, Sejik",118.22,8.4673
"Kim, Suk-Joong",265.75,63.579
"Kim, Woochan",-61.999,-192.61
"Kim, Yongtae",-262.58,-13.615
"Kim, Youngsoo",-136.57,-269.6
"Kim, Yungsan",918.35,818.0
"Kimball, Miles S.",71.992,346.53
"Kimmel, Robert L.",-77.089,72.201
"Kind, Axel H.",-86.092,170.59
"King, Robert G.",228.0,268.84
"King, Tao Hsien Dolly",-33.308,-154.8
"King, Thomas",363.85,-66.63
"Kingston, Geoffrey H.",185.45,-336.46
"Kini, Omesh",-91.818,-181.74
"Kirby, Chris",-120.62,-62.075
"Kirilenko, Andrei A.",99.608,-248.01
"Kirk, Diana C.",-218.12,27.089
"Kiser, K. Elizabeth",242.16,-146.21
"Kisgen, Darren J.",-37.004,-96.513
"Kishan, Ruby Pandey",-749.4,477.68
"Kitamura, Yuichi",-247.2,-120.65
"Kitsabunnarat-Chatjuthamard, Pattanaporn",-339.97,-141.63
"Kiymaz, Halil",762.0,-1042.0
"Kiyotaki, Nobuhiro",99.423,-126.11
"Klaassen, Pieter",256.89,88.35
"Klapper, Leora F.",58.231,-77.397
"Klausner, Michael",38.904,-263.01
"Kleibergen, Frank",133.42,264.2
"Kleidon, Allan W.",-51.403,254.17
"Kleimeier, Stefanie",310.22,-184.89
"Klein, April",-242.22,-178.05
"Klein, Peter G.",-294.81,116.2
"Kleinert, Jörn",-10.25,-330.38
"Kleinow, Torsten",-95.959,-475.0
"Klemperer, Paul",-109.44,76.569
"Klenow, Peter J.",-61.795,257.79
"Kletzer, Kenneth M.",103.33,-154.65
"Kluger, Brian D.",-180.88,-112.34
"Klumpes, Paul J.M.",-428.94,-78.514
"Klüppelberg, Claudia",-512.42,794.56
"Knapp, Morris",962.94,279.96
"Knivsflå, Kjell Henry",51.476,-432.87
"Knot, Klaas H.W.",303.12,4.0424
"Knott, Anne Marie",-174.85,-59.944
"Knox, Thomas A.",136.04,21.284
"Knudsen, Odin K.",209.14,-243.53
"Kocagil, Ahmet Enis",55.86,-190.34
"Koch, Adam S.",119.39,-120.55
"Koch, Paul D.",4.394,-308.33
"Koch, Timothy W.",-72.05,-338.81
"Kocherlakota, Narayana R.",-46.205,112.15
"Kochin, Levis A.",116.07,-377.65
"Koedijk, Kees G.",56.952,44.606
"Kofman, Paul",167.53,-263.14
"Kogan, Leonid",-9.4057,0.6422
"Kolari, James W.",78.469,-146.44
"Kole, Erik",79.699,47.851
"Kollintzas, Tryphon E.",186.97,21.728
"Kollmann, Robert",242.56,197.14
"Kollo, Michael G.",-82.645,-218.03
"Kominek, Zbigniew",-197.42,16.047
"Kondor, Imre",78.165,-318.89
"Konieczny, Jerzy D.",-457.27,-740.51
"Konishi, Masaru",660.66,222.53
"Kool, Clemens J.M.",196.93,53.44
"Koopman, Siem Jan",147.29,108.43
"Kooreman, Peter",-107.38,-585.52
"Kopecky, Kenneth J.",286.01,32.942
"Koppenhaver, Gary D.",97.181,-248.71
"Korajczyk, Robert A.",-118.29,-13.398
"Koren, Miklós",213.18,-46.084
"Korenko, George G.",282.38,129.76
"Korkeamäki, Timo P.",-18.071,-160.01
"Korn, Olaf",-317.87,-74.896
"Korniotis, George M.",-197.05,-49.33
"Koski, Jennifer Lynch",-118.22,-44.907
"Koskinen, Yrjö",-46.996,80.413
"Kosowski, Robert",-114.0,33.554
"Kothari, SP P.",-68.914,-29.074
"Kotlikoff, Laurence J.",-166.0,122.84
"Koustas, Zisimos",252.36,447.68
"Koutmos, Gregory",-256.11,-124.67
"Kouwenberg, Roy",-84.24,79.929
"Kozicki, Sharon",103.96,210.32
"Kraay, Aart C.",233.35,-114.13
"Kracaw, William A.",94.822,-146.13
"Kraeussl, Roman",372.45,91.363
"Kraft, Evan",208.4,-192.31
"Krahnen, Jan Pieter",156.69,57.482
"Krainer, John",103.17,-16.073
"Kramer, Lisa A.",-96.236,21.45
"Kraus, Alan",-48.445,32.842
"Kremer, Ilan",6.2576,-34.073
"Kremer, Michael R.",66.013,-66.155
"Krieger, Stefan",-150.64,-295.13
"Krigman, Laurie",-49.556,-150.98
"Krische, Susan D.",-121.02,-80.923
"Krishnamurthy, Arvind",50.603,-12.626
"Krishnamurthy, Srinivasan",11.672,-139.72
"Krishnan, C. N.V.",140.28,-31.471
"Krishnaswami, Sudha",-18.128,-246.53
"Kristiansen, Eirik Gaard",223.98,-226.78
"Kritzman, Mark P.",-190.82,58.486
"Krokhmal, Pavlo A.",99.394,-311.42
"Kroszner, Randall S.",110.28,-194.68
"Krueger, Dirk",154.56,33.59
"Krugman, Paul",75.157,144.8
"Kruse, Timothy A.",-107.67,-210.86
"Krusell, Per",-31.333,119.36
"Kryzanowski, Lawrence",-180.69,-136.96
"Kuan, Chung-Ming",-132.92,219.36
"Kubik, Jeffrey D.",-1.0109,-27.626
"Kuemmerle, Walter",-34.906,139.9
"Kugele, Lynn Phillips",-264.7,1.2673
"Kugler, Peter",293.08,111.19
"Kuhn, James W.",29.014,-276.3
"Kulkarni, Kishore G.",-286.44,-350.55
"Kumagai, Tomomi",-0.53633,59.622
"Kumar, Alok",-101.13,-36.288
"Kumar, Anjali",165.41,-184.96
"Kumar, K. Ravi",-52.808,-154.9
"Kumar, Krishna R.",113.42,118.89
"Kumar, P. C.",-55.686,-224.8
"Kumar, Raman",-172.55,-161.92
"Kung, A. W P",-453.77,332.24
"Kunimune, Kozo",129.87,-340.51
"Kuritzkes, Andrew P.",244.0,-92.762
"Kurokawa, Sam",-77.403,-302.5
"Kurov, Alexander A.",13.714,77.363
"Kurtz, Lloyd S.",-218.19,79.912
"Kutan, Ali M.",503.89,45.287
"Kutsoati, Edward",-116.83,-182.39
"Kutsuna, Kenji",-52.892,-162.71
"Kuttner, Kenneth N.",48.816,59.839
"Kuznetsov, Evgeniy A.",-246.6,-891.68
"Kwak, Sungkyu",163.21,-16.919
"Kwan, Simon H.",87.256,-38.146
"Kwast, Myron L.",166.07,-72.727
"Kwok, Chuck C.Y.",-54.697,-300.71
"Kwok, Julia S.",69.216,-262.21
"Kyle, Albert S.",-14.401,-45.937
"Kühn, Kai Uwe",140.23,-320.79
"Kürsteiner, Guido",66.591,146.95
LANCE WHITAKER,292.92,-214.45
LANGDON WHEELER,-148.02,-224.36
LARA TIEDENS,-5.4249,-129.96
LARRY LAWRENCE,-225.69,-146.93
LAURENS DE HAAN,381.33,33.533
LAWRENCE RADECKI,240.82,-155.83
"LEHMANN, BRUCE",-280.21,-25.757
LENNY SOFFER,-274.98,-73.157
LENORE ROBBINS,-68.052,-305.85
LEO GUZMAN,-85.461,65.02
LESLIE HARRIS-VINCENT,-276.25,-254.96
LI HAO,-91.823,190.42
LIJUN LIN,150.48,-17.532
LILY XIAOLI QIU,-218.36,57.897
"LIN, JI CHAI",-129.91,-125.37
LISA RYU,151.14,-128.77
LORI WALSH,-258.79,-141.55
LUCA FILIPPA,-66.978,-244.57
LUCIE TEPLA,-16.271,108.86
LYNN SHIBUT,168.01,219.06
"La Porta, Rafael",8.0507,-37.085
"Laband, David N.",119.79,-368.6
"Lach, Saul",218.0,140.91
"Lacker, Jeffrey M.",132.03,53.806
"Lacour-Little, Michael",243.04,-145.7
"Laeven, Luc",63.093,-60.945
"Lafontaine, Francine",-189.96,33.38
"Lago, Ricardo",-43.436,-325.54
"Lahrèche-Révil, Amina",260.7,-111.93
"Laibson, David I.",40.012,32.063
"Laitner, John P.",29.266,204.31
"Lakonishok, Josef",-110.39,-77.635
"Lalancette, Simon",-261.42,-123.32
"Lally, Martin T.",-215.72,-205.64
"Lalonde, David",139.04,70.579
"Lam, Jean-Paul",21.803,320.8
"Lamarche, Jean François",285.28,430.28
"Lambrecht, Bart M.",-86.467,-23.82
"Lamont, Owen A.",-54.69,-10.42
"Lamoreaux, Naomi R.",108.42,-111.42
"Lamoureux, Christopher G.",-105.32,-39.466
"Landeo, Claudia M.",-160.19,-376.61
"Landier, Augustin",-163.56,-137.03
"Lando, David",-145.71,-93.916
"Lang, Larry",19.416,-103.55
"Lang, Mark H.",-66.507,-111.45
"Lang, Maroje",321.37,-65.823
"Lang, William W.",144.51,-114.91
"Langdana, Farrokh K.",31.428,-395.32
"Langer, Thomas",149.88,103.94
"Langsam, Joseph A.",-183.24,60.216
"Lanne, Markku",4.3294,138.48
"Lant, Theresa K.",-108.53,-168.87
"Larcker, David F.",-162.93,-205.75
"Larrain, Borja",60.106,26.544
"Lasfer, Meziane Ameziane",-67.047,-223.28
"Lasser, Dennis J.",-31.153,-207.7
"Lastrapes, William D.",910.4,-791.68
"Latham, William R.",-212.43,-269.79
"Laubach, Thomas",258.62,154.86
"Laurent, Jean Paul",16.828,-286.47
"Laurent, Marie Paule",165.69,-358.6
"Laurent, Sébastien",-316.67,65.484
"Lauterbach, Beni",-149.06,-151.92
"Laux, Christian",249.52,5.7464
"Laux, Paul A.",-89.593,-227.85
"Laveren, Eddy",293.77,-222.35
"Laxton, Douglas",130.29,308.16
"Layard, Richard",280.73,151.19
"Lazar, Emese",103.73,311.24
"Lazear, Edward P.",-47.549,-274.68
"Lazrak, Ali",-124.13,62.556
"LeBaron, Blake D.",-132.7,19.625
"Leach, J. Chris",-60.512,-169.55
"Leahy, John V.",322.75,154.22
"Leamer, Edward E.",20.552,266.24
"Leary, Mark T.",-47.125,-90.676
"Lederman, Daniel",314.1,-134.06
"Ledoit, Olivier",-156.15,12.37
"Lee, BongSoo",-149.2,-254.0
"Lee, Charles",-114.65,-58.885
"Lee, Chengfew",-172.84,-369.2
"Lee, Chien-Chiang",620.74,-721.54
"Lee, D. Scott",82.673,-248.98
"Lee, Dongwook",-68.006,-103.23
"Lee, Inmoo",-209.92,133.06
"Lee, Jinsoo",-132.4,-166.64
"Lee, Michelle P.",-109.48,105.18
"Lee, Peggy M.",-69.011,-161.59
"Lee, Stuart D.",263.31,163.8
"Lee, Yitsung",-160.09,20.109
"Lee, Yoonjung",-198.9,-170.96
"Leeper, Eric M.",118.87,248.0
"Leeson, Robert",259.52,168.48
"Leftwich, Richard W.",-171.16,-185.58
"Legros, Patrick",-302.54,-52.179
"Lehar, Alfred",76.613,-102.16
"Lehn, Kenneth M.",-35.881,-132.04
"Lei, Adam Y C",-247.28,44.399
"Leiderman, Leonardo",97.151,-250.96
"Leippold, Markus",47.577,-287.2
"Leite, Tore E.",43.831,-336.93
"Leitemo, Kai",147.46,166.76
"Leitner, Yaron",143.67,34.747
"Lekkos, Ilias",-943.6,-311.68
"Lel, Uǧur",63.78,-278.43
"Leland, Hayne E.",-20.222,70.821
"Lemmen, Jan J.G.",246.22,-17.986
"Lemmon, Michael L.",-43.371,-107.39
"Lennox, Clive S.",-215.58,-113.63
"Lensink, Robert",203.94,-62.262
"Leonard, Jonathan S.",110.32,-327.07
"Lerner, Josh",28.521,-58.75
"Leroy, Stephen F.",-41.485,145.67
"Lescourret, Laurence",-242.48,201.69
"Leshchinskii, Dima",-260.78,-92.809
"Lesmond, David A.",-85.649,-88.056
"Lessard, Donald R.",137.73,96.872
"Lettau, Martin",8.234,34.509
"Leung, Mark T.",271.32,-512.85
"Leuz, Christian",55.49,-14.336
"Levasseur, Michel",-178.24,77.944
"Levich, Richard M.",-188.39,-70.754
"Levin, Andrew T.",140.96,228.89
"Levin, Jonathan",-115.12,-160.41
"Levina, Irina",-643.06,1020.0
"Levine, David K.",-246.38,199.22
"Levine, Ross L.",57.363,-60.093
"Levitt, Steven D.",-67.356,74.996
"Levonian, Mark E.",182.72,-9.7374
"Levy Yeyati, Eduardo",175.76,20.668
"Levy, Amnon",-117.15,125.54
"Levy, Daniel",107.1,84.625
"Levy, Haim K.",-173.8,38.101
"Levy, Moshe",-160.9,-92.522
"Lewellen, Jonathan",-29.844,0.38885
"Lewellen, Katharina A.",-4.7236,-28.757
"Lewis, Christopher M.",274.04,7.4335
"Lewis, Craig M.",-30.114,-139.91
"Lewis, Tracy R.",14.784,-254.93
"Li, C. Wei",-65.559,85.468
"Li, Donghui",140.29,30.682
"Li, George",36.402,12.596
"Li, Haitao",-99.69,47.607
"Li, Hang",3.5266,-356.82
"Li, Joanne",-22.862,-305.04
"Li, Kai",-138.2,33.914
"Li, Mingsheng",-237.21,51.78
"Li, Minqiang",-145.74,41.043
"Li, Oliver Zhen",-44.407,-229.97
"Li, Steven",-94.473,237.96
"Li, Wenqing",189.73,245.15
"Li, Xiangming",7.7325,165.67
"Li, Yuming",-160.66,130.21
"Li, Yuying",-416.67,877.55
"Li, Zhongfei",-251.1,14.47
"Liang, Bing",-3.7946,56.844
"Liang, Nellie",-56.342,-221.42
"Liang, Pierre Jinghong",-73.634,-267.67
"Liao, Tsailing",-764.67,-502.45
"Liberti, José María",80.096,-215.18
"Licht, Amir N.",87.874,133.02
"Lie, Erik",-72.484,-76.641
"Lie, Heidi J.",-215.18,52.083
"Lien, Da Hsiang Donald",-260.13,-23.533
"Lilian Ng, Lilian",-177.6,-140.48
"Liljeblom, Eva",-142.38,53.787
"Lim, Guanhua",-252.3,74.736
"Lim, Kian Guan",-112.64,97.851
"Lim, Sonya Seongyeon",-108.31,-94.051
"Lim, Terence",-150.78,4.0839
"Limère, Arthur",309.32,-193.83
"Lin, Wenchang",-140.13,-413.89
"Linck, James S.",-39.573,-180.54
"Lindblom, Ted",321.04,-275.37
"Lindquist, Kjersti Gro",284.05,-284.43
"Lindsey, David E.",101.81,250.06
"Lindsey, Laura A.",-230.12,-166.78
"Lindé, Jesper",174.68,10.513
"Linn, Scott C.",-76.58,-183.64
"Linnemann, Ludger",-959.0,718.0
"Lins, Karl V.",-35.846,-67.102
"Lioui, Abraham",-885.4,957.68
"Lipkin, Michael D.",-221.88,-25.247
"Lippi, Francesco",285.48,-81.689
"Lippman, Steven A.",-122.77,-99.078
"Lipson, Marc L.",-84.23,-126.95
"List, John A.",-735.67,337.55
"Litov, Lubomir P.",52.891,-6.4308
"Litterman, Robert B.",-230.02,19.643
"Liu, Alfred Zhu",-120.11,90.266
"Liu, Chaoshin",-239.58,-188.21
"Liu, Chunlin",99.194,-190.16
"Liu, Hong",-71.452,9.1777
"Liu, Hsianghsi",-210.54,-335.15
"Liu, Jun",-43.546,2.53
"Liu, Ligang",-265.48,-26.379
"Liu, Ming",-110.07,170.37
"Liu, Minghua",276.82,-267.12
"Liu, Shiang Tai",1086.4,208.32
"Liu, Waiman",171.26,142.78
"Liu, Wei Lin",149.25,-52.588
"Liu, Yichen",-166.15,-253.89
"Liu, Yujane",-177.58,-39.044
"Livdan, Dmitry",7.8018,-9.6743
"Liviatan, Nissan",113.23,-241.66
"Livingston, Miles",-215.58,12.539
"Livne, Gilad",59.277,90.905
"Ljungqvist, Alexander P.",-23.715,-74.337
"Lloyd-Ellis, Huw",-663.06,879.96
"Lo, Andrew",-16.769,-18.085
"Lo, Kenghsin",-801.27,-440.51
"Lo, Mingchien",137.49,186.29
"Loayza, Norman V.",122.63,4.2644
"Locke, Peter R.",-46.792,-204.02
"Loderer, Claudio F.",11.186,-196.42
"Loewenstein, Mark A.",-37.9,-31.195
"Loewenstein, Uri",-105.18,-152.84
"Logue, Dennis E.",-40.919,-224.86
"Loh, Roger K.",-109.21,19.119
"Lomakka, Magnus",-129.49,220.23
"Lommatzsch, Kirsten",252.69,-140.5
"Long, John BRADFORD DE",-13.183,42.953
"Long, Michaelstuart",-103.47,-194.23
"Longhofer, Stanley D.",149.8,-270.06
"Longin, François M.",-936.0,-742.0
"Longstaff, Francis A.",-65.53,-12.132
"Lookman, Aziz A.",-184.05,-238.35
"Lopes, Paula",-49.013,178.19
"Lopez, Claude",113.26,279.3
"Lopez, Jose A.",121.99,-52.115
"Lorenzoni, Guido",-49.445,-246.78
"Lorsch, Jay W.",-211.12,58.161
"Los, Cornelis A.",-970.0,-482.0
"Lothian, James R.",201.62,-250.61
"Lott, John R.",-176.98,-55.303
"Loughran, Tim",-41.915,-51.314
"Louis, Henock",85.309,-109.22
"Love, Inessa",75.108,-111.09
"Lovo, Stefano",-263.01,-14.444
"Lowe, Philip",165.09,-58.856
"Lown, Cara S.",142.22,-5.7092
"Lowry, Michelle",-26.546,-103.44
"Lu, Yang",-72.821,-264.69
"Lubik, Thomas A.",57.771,348.47
"Lucas, André",262.78,78.165
"Lucas, Deborah J.",-58.151,53.598
"Lucas, Robert E.",199.15,239.53
"Ludvigson, Sydney C.",9.0935,53.958
"Lundblad, Christian T.",16.34,-10.678
"Lundstedt, Kyle G.",314.02,-121.0
"Lundstrum, Leonard L.",36.325,-197.12
"Luo, Jiang",37.55,15.354
"Luo, Mi",-98.575,-234.87
"Luo, Yuanzhi",-180.05,-126.48
"Lusht, Kenneth M.",129.88,-312.97
"Lustig, Hanno N.",-11.436,88.75
"Luís, Jorge Barros",-195.09,292.63
"Lynch, Anthony W.",-17.397,-7.7845
"Lyons, Richard K.",-32.641,92.876
"Lyrio, Marco",-40.216,195.36
"López-Salido, J. David",138.9,164.68
"López-de-Silanes, Florencio",72.956,-40.323
"Lóránth, Gyöngyi",227.63,-253.25
"Löffler, Gunter",-91.524,-98.279
"Löflund, Anders",110.69,127.92
"Lønning, Ingunn",154.0,161.85
"Lütkepohl, Helmut",366.15,67.585
M DEMARCHI,-258.16,-181.73
M NENNA,426.76,-164.35
MALCOLM MCCLELLAND,-254.11,-159.78
MALENE S JENSEN,152.3,-384.07
MANCANG DONG,-61.475,-174.91
MANMOHAN SINGH,-50.356,366.91
MARC CASSANO,-209.07,58.773
MARC HENRY,-57.965,235.84
MARCO POLENGHI,251.86,-1.9223
MARIA ENCIO,213.23,228.5
MARIA-FRANCESCA STEYN,45.316,-195.74
MARIANNE HINDS,29.738,175.06
MARIANNE WOLFBRANDT,393.75,-30.83
MARIE-RENEE BAKKER,151.71,-161.07
MARILYNE TOLLE,256.17,172.41
MARK FUSARO,222.54,-184.52
MARK GURLIACCI,-63.593,-267.69
MARK PAINTING,-168.63,-65.187
MARK SHENKMAN,-175.62,-169.87
MARK STEINBERG,-139.21,-229.35
MARK TARANTO,44.169,-170.26
MARK URWIN,232.64,-195.65
MARK ZEHNER,-239.75,-106.88
MARTHA HAINES,-243.89,-83.837
MARTIJN VAN DIJCK,199.94,-106.61
MARTIN C JANSSEN,181.48,-265.89
"MARTIN, VANCE L.",152.16,-452.27
MARY O SULLIVAN,99.205,100.11
MARYBETH LEWIS,-198.99,-47.059
MASA AOKI,142.95,77.093
MASATO HIROTA,-113.53,-229.11
MASSIMO GUILIODORI,124.48,267.81
MATEUS CESARIO,275.06,-248.61
MATT KLAEFFLING,32.923,156.79
MATT KURBAT,-137.94,-356.87
MATTHEW MERDES,-504.96,278.28
MATTHIAS DORRZAPF,-157.93,-456.02
MAURICE EWING,-33.396,-264.32
MAX MOROZ,-179.44,45.303
"MEZA, DAVID DE",334.5,-119.08
MICHAEL CHRISTENSEN,43.893,302.59
MICHAEL EDLESON,213.78,-237.47
MICHAEL FRUSCIONE,-236.75,85.162
MICHAEL KATZ,-169.3,-77.147
MICHAEL MOEBS,247.23,-136.49
MICHAEL MORRI,13.552,41.328
MICHAEL NELSON,192.53,-222.0
MICHAEL ROSS,308.62,56.133
MICHAEL SCHUSSLER,235.63,-63.593
MICHAEL SHER,-212.82,-69.14
MICHAEL ULM,-175.84,-216.69
MICHAEL WILKINS,102.93,-296.29
MIGUEL BRODA,304.1,37.793
MIHIR BHATTACHARYA,-228.28,3.9211
MIIKKA TAUREN,-296.87,78.407
MIKAEL HOVMOLLER,-239.32,262.51
MIKE MOLESKY,203.51,-286.81
MIKE PETERS,-142.92,-175.39
MIKE STONEBROOK,-332.57,-147.73
MIKE YANG,-212.32,103.34
MING FANG,-141.11,-171.84
MING WU,-25.634,-266.16
MIT MEHTA,-180.87,-110.69
MITCH DRUCKER,-17.372,-330.52
MITCHELL STEPHENS,168.18,51.553
MITZ IGARASHI,-197.91,-10.57
"Ma, Chenghu",-232.6,28.909
"Ma, Tongshu",-115.38,-153.82
"Ma, Yue",367.2,-205.67
"MacFarlane, John",-144.54,63.611
"MacKay, Peter I.",7.1857,-99.716
"MacLean, Leonard C.",-94.035,330.73
"Maccini, Louis J.",-88.45,342.08
"Macey, Jonathan R.",-171.43,-23.836
"Machauer, Achim",40.255,-261.34
"Macho-Stadler, Inés",173.69,-301.48
"Mackinlay, A. Craig",-120.06,29.621
"Mackinnon, James G.",-286.28,-65.586
"Macleod, W. Bentley",-107.6,-256.14
"Madan, Dilip B.",34.995,62.206
"Maddala, G. S.",-10.291,86.126
"Madhavan, Ananth N.",-205.0,-104.25
"Madura, Jeff",370.0,-59.975
"Maechler, Andrea M.",127.11,95.252
"Maenhout, Pascal J.",0.22801,43.562
"Maes, Stan",310.87,-57.545
"Maeso-Fernändez, Francisco",275.05,111.54
"Maestas, Nicole",43.473,74.55
"Magendzo, Igal Igal",55.187,133.43
"Maglaras, Constantinos",-176.25,-120.55
"Magri, Silvia",289.88,-63.753
"Maher, Michael W.",-197.82,-259.97
"Maheswaran, Krishnan",172.46,-259.16
"Maheu, John M.",-173.92,90.237
"Mahoney, Paul G.",69.882,-1.5496
"Mahrt-Smith, Jan",12.618,-65.123
"Majnoni, Giovanni",167.59,-36.606
"Makadok, Richard J.",-51.149,137.78
"Makarov, Igor",-100.5,-97.428
"Makhija, Anil K.",52.97,-130.94
"Maksimovic, Vojislav",35.814,-76.735
"Malatesta, Paul H.",3.5882,-105.3
"Maliar, Lilia",1075.4,-431.68
"Maliar, Serguei",1146.6,-442.32
"Malik, Farooq",-594.11,-61.617
"Malkamäki, Markku J.",284.82,151.69
"Malkiel, Burton Gordon",-24.631,28.312
"Maller, Ross A.",-395.03,759.24
"Malliaris, Anastasios G.Tassos",-19.432,240.06
"Malloy, Christopher J.",8.2204,-65.875
"Malmendier, Ulrike",52.365,-50.323
"Maloney, Kelly",-203.7,-138.55
"Maloney, Michael T.",0.23961,135.35
"Man, Kasing",172.91,859.53
"Manasse, Paolo",633.6,-356.96
"Manaster, Steven",-129.97,-294.17
"Mandelker, Gershon N.",-159.71,-99.816
"Mandelman, Federico S.",271.02,369.66
"Manganelli, Simone",253.51,-25.411
"Mankiw, N. Gregory",7.1221,103.22
"Mann, Christopher",-189.69,-51.153
"Mann, Steven C.",-52.139,-174.63
"Manna, Michele",245.03,201.73
"Mannix, Beta",-131.82,-38.468
"Manove, Michael",118.92,15.756
"Mansi, Sattar A.",-622.15,-9.5028
"Manski, Charles F.",-182.55,-310.71
"Manso, Gustavo",-202.16,-118.86
"Manuel, Timothy A.",-251.34,-203.18
"Manzan, Sebastiano",118.15,270.08
"Mao, Connie X.",-128.05,-125.24
"Marcato, Gianluca",198.81,231.91
"Marcellino, Massimiliano",-267.2,148.1
"Marcet, Albert",196.4,251.96
"Marchetti, Domenico J.",447.5,5.1216
"Marciukaityte, Dalia",42.49,-305.62
"Marco Pagano, Marco",34.717,-60.611
"Margaret M. Bray, Margaret",131.28,6.0305
"Margaret, Z. Clarke",128.28,-192.98
"Mariano, Roberto S.",-150.9,87.093
"Marietta-Westberg, Jennifer",-188.87,-114.58
"Marimon, Ramon",206.53,245.0
"Marini, François",767.84,689.99
"Marino, Anthony M.",-221.95,31.022
"Marinč, Matej",121.61,-185.53
"Mariotti, Thomas",-78.36,-270.65
"Mark, Nelson C.",245.79,36.666
"Markov, Stanimir",-192.96,-236.41
"Marquering, Wessel A.",1014.4,-591.68
"Marquez, Robert",67.714,-56.685
"Marsden, Alastair",84.814,-378.72
"Marsh, Ian William",176.05,58.288
"Marsh, Paul R.",-68.931,-183.75
"Marshall, Ben R.",-19.503,308.47
"Marshall, David A.",84.044,108.98
"Marston, Felicia C.",4.6775,-73.134
"Martel, Frederic",70.655,46.674
"Martell, Rodolfo",7.1648,-130.44
"Martellini, Lionel",-107.13,65.198
"Martens, Martin",-172.53,182.45
"Martin, Anna D.",430.4,1028.3
"Martin, Antoine",281.0,5.1419
"Martin, J. Spencer",-91.927,-100.0
"Martin, John D.",27.565,-257.74
"Martin, Philippe",177.26,23.611
"Martzoukos, Spiros H.",-4.2364,-273.94
"Martínez Pería, María Soledad",111.93,-93.103
"Martínez-Pagés, Jorge",286.56,-57.307
"Martínez-jerez, F. Asís",-6.2691,57.591
"Marx, Leslie M.",-139.58,22.886
"Marín, José María",-99.807,-13.396
"Mas-Colell, Andreu",263.68,-202.62
"Maskin, Eric S.",244.09,-230.99
"Mason, Chuck",322.61,-53.017
"Mason, Joseph R.",129.95,-167.23
"Massa, Massimo",-12.062,20.018
"Massey, Cade",-73.393,-237.39
"Massoud, Nadia",118.6,-115.08
"Masten, Igor",362.56,-1.7173
"Mastroeni, Orazio",414.31,-200.49
"Masulis, Ronald W.",25.775,-59.791
"Mateut, Simona",263.33,-306.37
"Mathews, Richmond D.",-89.851,-96.723
"Mathieson, Donald J.",-251.65,281.47
"Mathur, Ike",259.97,-156.99
"Matos, Pedro Verga",-1.4708,32.334
"Matouschek, Niko",200.83,-21.954
"Matros, Alexander",79.588,-250.31
"Matsumoto, Dawn",-153.4,96.328
"Matsusaka, John G.",61.239,-44.837
"Mattey, Joe P.",222.59,-270.33
"Matthews, Kent G.P.",657.33,817.55
"Matutes, Carmen",120.35,-329.47
"Maudos, Joaquín",591.4,-791.68
"Mauer, David C.",9.9306,-127.3
"Maug, Ernst",102.12,-132.49
"Maurer, Jürgen",355.25,97.321
"Maurer, Noel",155.04,-254.2
"Mauro, Paolo",193.21,-48.612
"Maury, Benjamin",35.106,1.4694
"Mavroeidis, Sophocles",121.12,143.33
"Maxwell, William F.",-66.558,-115.91
"Maydew, Edward L.",-108.28,-96.491
"Mayer, Adalbert",346.72,313.32
"Mayer, Christopher J.",13.129,85.584
"Mayer, Colin P.",48.188,0.015289
"Mayer, Eric",243.07,36.923
"Mayer-Foulkes, David A.",289.87,-171.62
"Mayes, David G.",28.477,-168.27
"Mayew, William J.",49.756,-430.19
"Mayfield, E. Scott",-33.979,63.252
"Mayhew, Stewart",-83.084,-121.8
"Mazumdar, Sumon C.",126.59,-85.09
"Mazze, Edward M.",-349.49,-97.11
"Mazzeo, Michael A.",-122.91,-151.49
"McAndrews, James J.",161.46,-50.571
"McCabe, Patrick E.",97.581,-331.63
"McCain, Roger A.",-364.04,-250.89
"McCallum, Bennett T.",106.19,198.48
"McCarthy, Daniel D.P.",-164.31,19.231
"McCarthy, Jonathan",253.87,-18.038
"McCauley, Robert N.",328.18,-0.90403
"McCaw, Sharon",122.41,378.23
"McConnell, John J.",-16.063,-55.975
"McCormick, D. Timothy",-76.113,-143.45
"McCracken, Michael W.",-31.651,185.27
"McCulloch, J. Huston",38.94,240.88
"McCullough, Bruce D.",-269.97,-236.0
"McCurdy, Thomas H.",-139.87,93.369
"McDermott, John B.",437.6,-862.32
"McDill, Kathleen Marie",123.95,98.614
"McDonald, Bill D.",-154.76,-83.127
"McDonald, Cynthia G.",33.264,-364.23
"McDonald, Robert L.",-55.307,-82.998
"McFadden, Daniel L.",11.056,83.029
"McGahan, Anita M.",28.496,134.0
"McGeary, Kerry Anne",-251.92,-259.5
"McGregor, Rob Roy",22.217,291.33
"McKelvey, Bill",63.119,-224.1
"McKenzie, Colin R.",750.84,-1.588
"McKenzie, Michael D.",984.6,-522.32
"McKeown, James C.",52.121,-309.1
"McKillop, Donal G.",-293.37,208.17
"McMillan, John",164.94,-186.33
"McMillin, W. Douglas",981.6,-802.32
"McNeil, Chris R.",-88.938,-184.4
"McNelis, Paul D.",-267.08,65.654
"McNichols, Maureen F.",-171.11,-9.8844
"McNulty, James E.",111.87,-119.39
"McNutt, Jamie John",82.103,-172.21
"McQueen, Grant R.",-112.96,-47.637
"McWilliams, Victoria B.",-74.582,-264.7
"Mcenally, Richard W.",164.05,-321.86
"Meade, Ellen E.",174.29,99.955
"Meddahi, Nour",-102.17,123.29
"Meer, Jonathan",-278.92,130.84
"Megginson, William Leon Bill",16.333,-116.8
"Mehra, Rajnish",-34.137,80.774
"Mehran, Hamid",48.961,-84.211
"Mehrotra, Vikas",-172.43,-88.259
"Mei, Jianping P.",7.9134,4.8311
"Meier, André",246.57,78.05
"Meissner, Christopher M.",234.32,-35.073
"Mele, Antonio",331.95,-23.04
"Melenberg, Bertrand",-52.797,78.645
"Mello, António S.",-27.777,-96.116
"Melnik, Arie L.",218.0,116.22
"Meltzer, Allan H.",219.7,70.977
"Melvin, Michael T.",-52.814,-203.47
"Mendelson, Haim",18.697,78.662
"Mendenhall, Richard R.",-54.141,-154.35
"Menichini, Anna Maria C.",247.04,12.667
"Menkhoff, Lukas",899.27,405.77
"Menkveld, Albert J.",351.09,136.72
"Mentink, Albert",-377.98,16.339
"Menzly, Lior",-125.82,42.989
"Mercer, Jeffrey M.",-250.24,-154.64
"Mercken, Roger",302.47,-207.38
"Mercurio, Fabio",-61.157,325.91
"Merrick, John J.",-72.403,-2.6479
"Merrill, Craig B.",-256.71,-184.37
"Merton, Robert C.",37.026,-54.313
"Merville, Larry J.",-11.516,-264.62
"Meschke, Felix",-200.76,-30.478
"Messner, Matthias",101.64,-273.29
"Mester, Loretta J.",162.42,-77.06
"Metrick, Andrew",13.982,8.1501
"Meulbroek, Lisa K.",-91.03,50.293
"Meyer, Andrew P.",362.04,-7.8866
"Meyer, Jack",185.86,558.7
"Mian, Atif R.",42.492,-44.38
"Mian, G. Mujtaba",-113.64,13.684
"Mian, Shehzad",-49.652,-216.6
"Miao, Jianjun",-54.324,11.975
"Micco, Alejandro",59.049,174.74
"Michaelides, Alexander",-9.6697,27.135
"Michaely, Roni",-57.501,-64.64
"Michalsen, Dag",-183.36,-151.96
"Michelacci, Claudio",224.34,-94.929
"Michelfelder, Richard A.",110.75,-342.17
"Mielnicki, Lawrence",106.95,-323.37
"Miglo, Anton",142.44,-298.6
"Mihov, Ilian",198.71,260.65
"Mihov, Vassil T.",-87.314,-154.17
"Mikhail, Michael B.",-86.614,-41.971
"Mikkelson, Wayne H.",-64.1,-198.92
"Milas, Costas K.",-872.4,-322.32
"Milbourn, Todd T.",25.676,-110.82
"Milesi-Ferretti, Gian Maria",252.64,-122.18
"Milevsky, Moshe A.",-211.09,-241.15
"Millard, Stephen P.",312.13,6.5106
"Miller, Darius P.",18.373,-117.94
"Miller, Gregory S.",177.73,67.261
"Miller, Harold L.",-156.6,145.41
"Miller, Marcus H.",192.72,3.8055
"Miller, Nathan H.",72.995,-77.319
"Miller, Peter",379.13,-140.92
"Miller, Robert A.",-163.95,-47.939
"Miller, Stephen M.",226.66,-300.85
"Miller, Thomas W.",-10.882,-308.3
"Millet-Reyes, Benedicte",69.391,211.21
"Milliken, Frances J.",13.791,-205.77
"Mills, David C.",363.1,11.034
"Mills, Lillian F.",-108.81,-343.46
"Milne, Alistair",308.12,24.531
"Minford, Patrick",242.33,179.15
"Minguet., Albert",27.889,-274.0
"Minton, Bernadette A.",-160.65,45.321
"Mintz, Jack M.",-136.41,115.67
"Miravete, Eugenio J.",173.49,148.27
"Mirowski, Philip E.",-318.49,-317.11
"Mishkin, Frederic S.",131.52,42.859
"Misra, Lalatendu",-218.34,-168.86
"Mistrulli, Paolo Emilio",157.96,-49.001
"Mitchell, Heather",913.4,-511.68
"Mitchell, Janet",179.18,-24.691
"Mitchell, Mark L.",-39.827,24.405
"Mitchener, Kris James",202.98,-147.62
"Mithal, Sanjay",-127.06,8.4322
"Mitra, Gautam",-124.2,321.8
"Mitton, Todd",-89.031,-141.3
"Mittoo, Usha R.",-302.57,-159.91
"Mizen, Paul",224.77,55.596
"Modest, David M.",-78.622,64.708
"Mody, Ashoka",109.69,-106.31
"Moel, Alberto",27.388,-3.7638
"Moeller, Sara B.",-22.578,-81.315
"Moeller, Thomas",-89.464,-131.2
"Moen, Espen R.",26.88,105.42
"Mohanram, Partha S.",11.545,-334.45
"Mohanty, Sunil K.",99.907,47.06
"Mohr, Jakki J.",-204.03,-259.27
"Moinas, Sophie",-264.55,-67.564
"Mokyr, Joel",-320.42,-23.632
"Molenaar, Roderick D.J.",27.682,203.53
"Molina, Carlos A.",-101.74,-117.24
"Molyneux, Philip M.",172.23,-49.388
"Monacelli, Tommaso",568.0,-1042.0
"Moneta, Fabio",-161.66,-137.79
"Monge-Naranjo, Alexander",-284.47,157.97
"Mongrain, Steeve",-216.92,-100.67
"Monroe, Hunter K.",165.58,59.424
"Montes-Negret, Fernando",184.76,-196.19
"Montgomery, Cynthia A.",83.641,110.14
"Moore, John",86.835,84.443
"Moore, Lyndon",-186.77,2.2803
"Moore, Michael James",-273.47,228.73
"Moore, William T.",-12.915,-154.4
"Mora, Nada",276.43,58.077
"Moraux, Franck",-131.33,-465.44
"Morck, Randall K.",-6.4339,-48.167
"Moreira, Marcelo J.",-0.95474,139.25
"Morellec, Erwan",-64.4,6.9557
"Moreno, Antonio",28.788,111.86
"Morgan, Angela G.",8.9429,-189.37
"Morgan, Donald P.",124.1,-31.866
"Morgan, George Emir",89.402,-202.57
"Morgan, Ieuan G.",344.18,-282.14
"Morgan, John",54.037,144.59
"Mori, Alessandra",387.98,-88.969
"Moriyama, Kenji",249.07,-133.81
"Morley, James C.",33.025,135.69
"Morrill, Cameron K.J.",-137.3,-339.72
"Morris, Derek",161.52,354.76
"Morris, Stephen A.",99.897,-5.882
"Morrison, Alan D.",-40.456,-182.55
"Morrison, Edward R.",-74.691,-205.95
"Morrison, Elizabeth Wolfe",-28.577,-206.37
"Morton, David P.",373.73,-680.51
"Moselle, Boaz",232.49,-244.75
"Moser, James T.",139.86,-130.4
"Moses, Michael",-13.508,71.837
"Moshirian, Fariborz",145.52,12.817
"Moskowitz, Tobias J.",-8.219,-32.4
"Mossman, Charles E.",-120.25,-346.88
"Mougeot, Nicolas",-166.94,13.264
"Moulton, Pamela C.",-87.135,-128.43
"Moyen, Nathalie",-93.873,-111.47
"Mozumdar, Abon",-43.19,-168.15
"Muellbauer, John N.J.",247.9,155.25
"Mueller, Dennis C.",-175.81,226.98
"Mukhopadhyay, Tridas",60.478,66.076
"Mulherin, J. Harold",-37.233,-164.16
"Mullainathan, Sendhil",33.597,-24.775
"Mullineaux, Donald J.",120.88,-317.94
"Mullineux, Andrew W.",301.29,263.06
"Mulvey, John M.",1093.4,-711.68
"Munk, Claus",36.78,102.2
"Murasawa, Yasutomo",-65.85,335.97
"Murphy, Kevin J.",22.406,-69.826
"Murthy, Nagesh N.",-196.64,119.59
"Musacchio, Aldo",248.75,-123.59
"Muscarella, Chris J.",-150.67,-294.29
"Musiela, Marek",-104.02,174.03
"Mussavian, Massoud",204.86,-143.39
"Musto, David K.",-64.162,-10.29
"Myers, Stewart C.",7.3265,-58.482
"Mykland, Per Aslak",-119.58,155.9
"Mählmann, Thomas",224.51,-2.7313
"Mélitz, Jacques",-334.68,-17.042
"Möbius, Markus M.",-125.3,142.56
"Müller, Gerhard J.",242.87,84.029
"Müller, Holger M.",40.737,-68.898
NAN ZHOU,-266.34,-126.15
NATHANIEL O'CONNOR,-250.57,-77.999
NED GRAMLICH,-18.519,207.78
NELLI OSTER,-215.47,-71.22
NIAMH SHERIDAN,-59.187,348.51
NICKI S RASMUSSEN,242.94,218.91
NICO VALCKXS,405.21,-194.74
NICO VAN DER SAR,-261.49,79.546
NICOLAS CLERC,-261.26,-97.151
NICOLAS DUFOURCQ,-106.95,52.031
NICOLAS LEMETTRE,368.45,-254.64
NIKOLA ZIKATANOV,-200.96,-255.78
NIKOLAY HALOV,55.327,-275.38
NILANJANA SARKAR,11.772,-298.79
"Nabar, Sandeep",269.19,-9.0654
"Nachman, David C.",85.687,78.941
"Nadauld, Taylor D.",-290.56,-63.913
"Nagar, Venky",-12.984,-190.79
"Nagel, Stefan",-40.473,-16.662
"Naik, Narayan Y.",-40.421,-26.356
"Naik, Vasant",-99.69,-26.89
"Nail, Lance",21.807,-185.61
"Nair, Vinay B.",-6.3309,12.27
"Nakamura, Leonard I.",263.66,26.064
"Nakane, Márcio I.",173.01,-172.4
"Nam, Kiseok",957.73,-180.51
"Nanda, Dhananjay D.J.",54.238,-279.12
"Nanda, Vikram K.",-17.362,-83.453
"Nandy, Debarshi K.",166.17,-49.39
"Naranjo, Andy",-24.426,-146.57
"Narayanan, M. P.",33.634,-138.12
"Narayanan, Rajesh P.",68.184,-114.74
"Nash, Robert C.",20.422,-114.29
"Navarro, Eliseo",-250.31,-25.882
"Naveen, Lalitha",13.775,-135.18
"Nawalkha, Sanjay K.",-162.37,-200.15
"Nayda, William I.",198.66,-142.81
"Neal, Larry",124.77,-262.03
"Neely, Christopher J.",150.16,164.24
"Neeman, Zvika",-253.87,-83.123
"Neftçi, Salih N.",-71.637,158.15
"Neis, Eric",-129.3,3.4057
"Neiss, Katharine S.",145.19,199.6
"Nelling, Edward F.",-198.06,-235.3
"Nelson, Charles R.",7.3043,141.26
"Nelson, Edward A.",159.21,113.66
"Nelson, Lee",-263.92,-47.926
"Nelson, William R.",257.92,-64.334
"Nemiroff, Howard B.",-268.56,-222.35
"Nemoto, Jiro",-136.43,-440.7
"Nenova, Tatiana",54.994,-144.0
"Nessén, Marianne",-9.1355,236.29
"Neto de Carvalho, Cristina",60.669,102.53
"Netter, Jeffry M.",9.2065,-118.05
"Neuberger, Anthony John",10.043,108.07
"Neuberger, Doris",856.3,377.95
"Neus, Werner",139.61,-123.76
"Newberry, Kaye J.",-282.35,-185.35
"Newey, Whitney K.",-188.83,-129.9
"Nešlehová, Johanna G.",-387.78,20.789
"Ng, Angela",-74.324,-184.81
"Ng, Chee K.",-203.35,75.232
"Ng, Serena",-42.385,340.32
"Nguyen, Nghia Q.",169.75,-63.737
"Nguyen, Pascal",-161.4,181.49
"Ni, Shawn",-126.65,162.85
"Ni, Sophiexiaoyan",-43.985,-111.94
"Nickell, Pamela",97.739,-306.16
"Nickerson, David B.",57.295,-290.17
"Nicodano, Giovanna",312.11,178.98
"Nicodème, Gaëtan",315.97,-77.274
"Nicolae, Anamaria",426.04,84.846
"Niehaus, Greg R.",-86.211,-175.57
"Nielsen, Lars Tyge",-179.82,24.912
"Niepelt, Dirk",353.7,159.15
"Nier, Erlend W.",170.87,36.997
"Nieto, María J.",242.08,-225.41
"Nigro, Peter J.",195.22,-194.97
"Nijman, Theo E.",119.39,27.851
"Nikitin, Maxim",-156.56,359.84
"Nikolov, Kalin",178.97,108.08
"Nilsen, Øivind Anti",234.96,-328.69
"Nilsson, Mattias",5.0677,-3.9793
"Nimalendran, Mahendrarajah",82.26,-41.424
"Nippel, Peter",326.84,-126.76
"Nissim, Doron",240.84,200.03
"Nitsch, Volker",191.04,215.71
"Noah, Robert",-76.564,-63.951
"Noe, Thomas H.",17.911,-93.648
"Nohel, Tom",-130.75,-198.2
"Nolan, Charles",336.91,59.281
"Noll, Roger G.",43.401,-270.28
"Nordman, Niklas",-222.62,275.15
"Nordén, Lars L.",94.011,-118.63
"Noreen, Eric W.",-292.94,71.801
"Norli, Øyvind",-11.871,-276.38
"Noronha, Gregory M.",-270.67,-94.484
"North, Charles M.",225.52,274.47
"Nosal, Ed D.",-58.498,-153.56
"Nourzad, Farrokh",377.25,-161.58
"Noussair, Charles N.",344.73,939.49
"Novaes, Walter",-70.9,-136.44
"Novak, Serguei Yu",-853.4,-102.32
"Novy-Marx, Robert",-101.51,72.294
"Nowak, Eric",-238.26,-28.503
"Nowman, Khalid Ben",747.57,-215.72
"Noy, Ilan",38.261,-383.55
"Nunn, Kenneth P.",-211.43,171.66
"Nunziata, Luca",343.13,190.94
"Nyborg, Kjell G.",16.228,-26.896
"Nyström, Kaj",-834.4,-662.32
"Nöth, Markus",-229.89,-194.72
"O'Brien, James M.",7.319,-387.13
"O'Brien, Patricia C.",-238.04,4.8861
"O'Connell, Paul G.J.",14.108,147.02
"O'Connor, Kathleen M.",-131.67,-32.841
"O'Hara, Maureen",-60.253,-51.887
"O'Neal, Edward S.",-33.81,-269.43
OMER ALPER,-72.732,345.82
OYVIND HOVEID,320.22,-236.68
"Oberholzer-Gee, Felix",89.487,-27.97
"Odders-White, Elizabeth R.",-59.899,-79.409
"Odean, Terrance",-145.47,-142.1
"Oded, Jacob",-111.22,-80.15
"Ofek, Eli",-47.294,-6.6211
"Officer, Micah S.",-7.8358,-133.64
"Ogaki, Masao",17.736,178.38
"Ogden, Joseph P.",133.4,60.381
"Ogura, Yoshiaki",109.01,-213.38
"Ohanian, Lee E.",-141.75,99.563
"Ohanissian, Arek",-204.39,150.87
"Ohta, Wataru",-81.477,-364.16
"Okuda, Shin'ya",605.07,256.77
"Okumura, Tsunao",354.41,48.1
"Oldfield, George S.",-163.36,-77.887
"Olekalns, Nilss",292.8,-366.37
"Oler, Derek K.",-171.75,-43.936
"Olivier, Jacques P.",-216.47,-145.87
"Olson, Dennis O.",-947.0,338.0
"Olsson, Per M.",-138.67,-92.45
"Onatski, Alexei",-44.264,238.2
"Onderstal, Sander",-153.95,-261.0
"Ongena, Steven",94.954,-64.076
"Oosterhof, Casper M.",-259.47,9.335
"Oosterlinck, Kim",316.26,-125.52
"Opiela, Timothy P.",-820.6,488.32
"Opler, Tim C.",-97.777,-156.98
"Opong, Kwaku Kyekyeku",163.33,-742.45
"Orlov, Eugene",-313.48,24.199
"Orlowski, Lucjan T.",240.32,-16.167
"Orphanides, Athanasios",91.558,135.91
"Ors, Evren",89.531,-232.49
"Ortu, Fulvio",-189.67,-124.16
"Osband, KENT",67.17,163.07
"Osei, Robert Darko",343.28,42.235
"Osler, Carol L.",-68.861,90.712
"Ostdiek, Barbara",-145.55,-47.873
"Ostergaard, Charlotte",169.69,-192.6
"Otchere, Isaac",103.03,-148.05
"Otero, Rafael",78.791,254.05
"Otrok, Christopher",129.92,302.23
"Ott, Mack",259.81,-71.704
"Ott, Steven H.",-73.97,-163.9
"Ottaviani, Marco",37.681,35.586
"Otten, Rogér",12.968,125.88
"Otto, Glenn",260.74,-393.12
"Ou, Ernest Y.",-15.512,137.75
"Ou-Yang, Hui",-35.931,-9.3352
"Oung, Vichett",290.36,-350.15
"Ovtchinnikov, Alexei V.",-68.256,-21.257
"Owen, Ann L.",-271.89,140.55
"Oyer, Paul",-32.668,-108.91
"Ozbas, Oguzhan",21.963,-86.463
"Ozdenoren, Emre",-171.84,105.85
"Ozkan, Neslihan",134.27,61.764
P MONGARS,422.99,-176.58
P STROBEL,169.8,-296.07
P-Y PREUMONT,-335.43,-33.208
PAL E KORSVOLD,-27.505,132.86
PASCAL ST AMOUR,-164.03,77.353
PATRICIA KUWAYAMA,198.0,-380.09
PATRICIA LANGHOR,42.45,-271.99
PATRICIA LEDESMA,193.96,54.228
PATRICIA MOSSER,190.09,-22.709
PATRICIA PEAT,0.6719,-252.73
PATRICK HAZART,96.486,53.868
PAUL ARMSTRONG-TAYLOR,134.5,-224.06
PAUL D SWART,178.06,-255.0
PAUL JENSEN,-380.98,-216.04
PAUL RIMMEREID,247.48,-60.449
PAUL RUBIN,-120.07,256.0
PEER STEIN,179.16,-73.882
"PENG, Wensheng",326.01,12.515
PER AXELSON,139.14,79.696
PETE FROST,-100.04,148.14
PETER ALONZI,-112.8,-301.52
PETER BURNS,186.95,-285.18
PETER CHRISTOPHERSON,117.05,161.57
PHANWADEE KHANANUSAPKUL,-99.361,-259.56
PHILIP STOCKEN,-233.89,1.1304
PHILIPPE DE PERETTI,-402.03,-500.76
PHILIPPE DE ROUGEMONT,342.81,-188.93
PIER PAOLO BATTIGALLI,627.26,-291.95
PING HU,-238.29,13.957
PING ZHANG,-330.95,-63.663
PL SCANDIZZO,227.33,-223.36
PRZEMEK GAJDECZKA,170.1,-156.39
"Paal, Beatrix",7.0324,218.04
"Padula, Mario",87.06,17.899
"Paeglis, Imants",37.571,-145.1
"Pagan, Adrian R.",72.015,193.24
"Pagano, Michael S.",-107.52,30.982
"Pagès, Henri F.",235.11,-71.39
"Paiella, Monica",-82.893,119.71
"Pajuste, Anete",37.791,-3.0882
"Pakko, Michael R.",-88.361,271.49
"Pakoš, Michal",-98.277,74.717
"Palepu, Krishna G.",-26.035,-179.98
"Palia, Darius N.",17.442,-221.7
"Palm, Franz C.",-330.35,16.09
"Palmer, Gary A.",223.5,-51.53
"Palomino, Frédéric",91.959,53.625
"Pan, Jun",-33.328,4.1016
"Panayides, Marios A.",-228.39,-196.58
"Panchapagesan, Venkatesh",36.181,-179.45
"Panetta, Fabio",165.37,-118.24
"Panigirtzoglou, Nikolaos",23.741,114.26
"Panther, Patrick F.",-143.71,-119.16
"Pantzalis, Christos",-37.906,-203.97
"Panunzi, Fausto",97.601,3.0548
"Paolella, Marc S.",53.862,-404.75
"Papadia, Francesco",418.78,-188.69
"Papell, David H.",34.126,208.15
"Parente, Stephen L.",-34.61,142.54
"Parigi, Bruno M.",245.1,-12.278
"Park, Cheol",-233.18,-166.91
"Park, Kang H.",-918.6,-951.68
"Park, Kyungsuh",72.27,-73.009
"Parker, Jonathan A.",24.022,98.283
"Parlour, Christine A.",-98.893,-61.842
"Paroush, Jacob",179.73,178.41
"Parreiras, Sérgio O.",-252.48,-110.23
"Parrino, Robert",39.547,-95.832
"Parsley, David C.",76.93,47.735
"Parsons, John E.",-190.39,-213.39
"Partch, Megan Megan",-86.348,-300.82
"Partnoy, Frank",95.576,-209.25
"Pascual, Roberto",1008.9,-40.04
"Paserman, M. Daniele",-44.784,178.69
"Patel, Ajay",-167.41,52.536
"Pathak, Parag A.",-104.5,15.73
"Patro, Dilip Kumar",-143.2,-82.546
"Pattarathammas, Suluck",-203.72,104.2
"Pattillo, Catherine A.",-190.9,321.37
"Patton, Andrew J.",237.72,-60.189
"Pauline Shum, Pauline",-382.45,-292.45
"Paulson, Anna L.",200.27,42.254
"Pauzner, Ady",125.5,-32.834
"Pavlova, Anna",-9.3101,98.476
"Pawlina, Grzegorz",213.82,-15.559
"Paya, Ivan A.",115.47,238.18
"Payne, Richard G.",18.536,208.28
"Pearlman, Joseph G.",370.55,130.53
"Pearson, Neil D.",-61.799,-32.774
"Pecchenino, Rowena A.",333.04,578.25
"Pedersen, Lasse Heje",-9.4126,-15.199
"Pederzoli, Chiara",90.177,-268.61
"Peek, Joe",145.85,-305.45
"Peel, David A.",267.4,243.38
"Peersman, Gert",164.54,284.48
"Penas, María Fabiana",130.73,-54.751
"Peng, Liang",101.61,-324.61
"Peng, Lin",20.644,7.1377
"Penman, Stephen H.",-168.61,-38.653
"Pennacchi, George G.",69.221,-87.83
"Pennathur, Anita K.",90.748,-179.44
"Pennings, Joost M.E.",-677.4,-802.32
"Pennington-Cross, Anthony N.M.",187.31,-139.15
"Peracchi, Franco",129.95,181.63
"Pereira Da Silva, Carlos Manuel",-578.06,119.96
"Peress, Joël",21.397,78.358
"Peristiani, Stavros C.",-5.7776,-164.04
"Perktold, Josef",0.14647,151.62
"Perli, Roberto",202.08,-135.65
"Perold, André F.",-17.123,96.875
"Perotti, Enrico C.",62.266,-126.04
"Perotti, Roberto",340.15,128.68
"Perron, Benoît",-235.52,208.16
"Perry, Motty",-235.09,-144.61
"Perry, Tod",-38.103,-195.61
"Persico, Nicola",-102.84,277.14
"Persons, John C.",-96.896,-119.76
"Persson, Torsten",220.06,217.12
"Pesaran, M. Hashem",205.83,60.573
"Pesavento, Elena",-38.946,315.39
"Petajisto, Antti",-211.35,71.045
"Peter Boswijk, H.",140.43,261.07
"Peter, Marcel",204.37,-38.51
"Peters, Helen",-195.93,-133.54
"Petersen, Mitchell A.",30.827,-84.633
"Petey, Joël",293.86,-220.0
"Petkova, Ralitsa",-63.847,-0.66694
"Petroni, Kathy Ruby",204.06,651.01
"Petrucci, Alberto",-178.69,297.85
"Pettway, Richard H.",62.493,-295.71
"Peura, Samu",-229.12,788.24
"Peyer, Urs C.",-48.769,-98.212
"Pezier, Jacques P.",-8.0098,329.7
"Pfingsten, Andreas",320.37,-148.52
"Pfleiderer, Paul",-128.81,5.3635
"Pflug, Georg",-963.0,-562.0
"Phalippou, Ludovic",-108.57,109.72
"Pham, Peter Kien",126.6,46.722
"Pham, Toan My",259.73,62.69
"Phelps, Edmund Strother",-74.374,233.39
"Philippon, Thomas",36.651,-8.1186
"Phillips, Gordon Michael",3.7816,-79.935
"Phillips, Peter C.B.",-115.31,162.87
"Phillips, Richard D.",113.28,61.177
"Pi, Lynn K.",-58.768,-246.35
"Piazzesi, Monika",-45.132,48.722
"Pichler, Pegaret",-14.112,131.71
"Piger, Jeremy M.",125.29,185.74
"Pilloff, Steven J.",229.18,-173.27
"Pilo, Batia",210.81,-252.27
"Pindyck, Robert S.",68.627,100.37
"Pinegar, J. Michael",-232.46,-55.318
"Pinheiro, Marcelo",5.011,118.78
"Pinkowitz, Lee",6.289,-87.935
"Piore, Michael J.",-71.558,151.07
"Piotroski, Joseph D.",-103.83,-173.54
"Piper, Thomas R.",-128.38,89.192
"Pirinsky, Christo A.",-40.072,-128.43
"Pirotte, Hugues",195.2,-342.26
"Pirrong, Craig",-160.22,62.852
"Pischke, Jörn-Steffen",123.97,167.52
"Pissaris, Seema",-726.67,-242.45
"Piwowar, Michael S.",-149.21,-74.868
"Piñera, José",241.85,-325.17
"Plantin, Guillaume",219.95,13.001
"Platten, Isabelle",133.6,161.93
"Plesko, George A.",-18.414,-298.91
"Poitras, Geoffrey",-263.14,161.08
"Polak, Ben",155.25,-148.92
"Polenske, Karen R.",64.568,-244.19
"Polk, Christopher",-15.963,20.98
"Polkovnichenko, Valery",-64.139,79.338
"Polonchek, John A.",-326.09,81.658
"Poloz, Stephen S.",-947.0,418.0
"Polson, Nicholas G.",-201.8,67.351
"Polwitoon, Sirapat",-237.7,-115.03
"Pomorski, Łukasz",-76.097,47.548
"Poncet, Patrice",-956.6,968.32
"Pong, Shiuyan",88.982,161.11
"Pons, Vicente",-88.945,59.711
"Pontiff, Jeffrey",-40.285,-68.211
"Poon, Ser Huang",-103.24,259.84
"Pop, Adrian",255.17,-33.817
"Popescu, Ioana Mihaela",371.4,-85.952
"Popova, Elmira",410.33,-742.45
"Popova, Ivilina",445.94,-680.04
"Popper, Helen A.",-24.08,316.94
"Porter, Charles R.",76.853,-437.5
"Porter, Jack R.",-47.418,84.525
"Porter, R. Burt",-131.9,31.777
"Porter, Robert H.",-312.79,-148.88
"Portniaguina, Evgenia",-46.353,-192.28
"Posner, Eric A.",91.888,-88.836
"Posner, Richard A.",89.169,21.998
"Post, Thierry Thierry",-153.76,26.423
"Postrel, Steven",-131.77,-234.46
"Poterba, James M.",-58.418,13.321
"Poteshman, Allen M.",-64.407,-41.629
"Poulsen, Annette B.",4.8077,-114.52
"Poulsen, Rolf",-344.2,-114.85
"Povel, Paul",75.47,16.359
"Powell, Andrew",111.41,-131.78
"Powell, James L.",-41.145,-237.82
"Powell, Ronan G.",-121.93,210.67
"Powers, Eric A.",-54.72,-176.43
"Pownall, Grace",-224.24,32.438
"Pownall, Rachel A.J.",-109.09,143.05
"Pozzolo, Alberto Franco",277.24,-125.61
"Prabhala, Nagpurnanand R.",34.82,-67.44
"Prager, Robin A.",134.66,-97.771
"Prasad, Eswar S.",232.55,179.98
"Prati, Alessandro",176.94,42.689
"Predescu, Mirela",-169.59,-147.59
"Prendergast, Canice J.",-81.735,-100.14
"Prentice, David A.",-408.14,-42.329
"Prescott, Edward Simpson",54.323,19.063
"Preston, Bruce",198.62,233.16
"Preve, Lorenzo A.",-253.43,-153.51
"Prezas, Alexandros P.",-76.16,-282.19
"Price, Simon Mc Kay",316.15,110.95
"Priestley, Richard",-156.83,164.13
"Primbs, James A.",-645.6,-951.68
"Prisman, Eliezer ZEEV",-309.73,-251.62
"Pritamani, Mahesh D.",-201.57,-192.29
"Pritsker, Matthew",-30.222,-119.74
"Prodan, Ruxandra",-9.7564,318.0
"Protter, Philip",-208.44,21.189
"Proudman, James",142.69,84.734
"Provost, Foster John",-109.96,-367.78
"Psychoyios, Dimitris",-140.79,326.28
"Puccetti, Giovanni",-391.68,-8.5764
"Pugel, Thomas A.",-93.442,137.49
"Puglisi, Riccardo",-232.06,-99.358
"Puhakka, Mikko",-301.58,89.928
"Pulvino, Todd C.",5.0855,-40.434
"Puri, Manju",74.005,-108.95
"Purnanandam, Amiyatosh K.",-52.75,-36.475
"Puttonen, Vesa",-126.74,83.784
"Pástor, Ľuboš",-26.902,-21.298
"Pérez de Gracia, Fernando",-270.55,478.03
"Pérez, Daniel",201.71,-15.505
"Pérez-González, Francisco",162.74,-61.732
"Pérez-Quirós, Gabriel",247.44,107.93
QIAN LIU,164.26,35.691
QING LI,-152.14,53.934
QINGSHI WANG,-236.04,102.9
"Qi, Jianping",139.28,-242.95
"Qi, Min",-142.39,1.979
"Qian, Jun",31.09,-63.887
"Qian, Meijun",53.971,-28.108
"Qian, Yiming",-60.972,-217.68
"Qiu, Jiaping",-251.88,166.67
"Quelch, John A.",-2.3125,-190.51
"Quigley, Garrett",-182.37,16.272
R BARKER,-198.97,122.41
R CAMPOREALE,430.28,-151.91
R DE WINNE,-130.2,202.13
R SOTO,250.36,13.51
RAFAEL TERMES,-118.27,303.43
RALPH DE FRANCO,232.72,-260.61
RAM TRIPATHI,259.96,-601.97
RANDALL MEADES,-158.79,103.82
RANDI ROSENBLATT,-120.56,166.87
RANDY BATSELL,-9.4148,-203.94
RANDY FILER,211.18,106.65
RANI MORAN,-218.54,-174.46
RAUL ESPEJEL,-238.64,-277.76
RAVI JAIN,169.22,0.36119
REED SHULDINER,136.76,-48.072
RELLA AVRAMOV,-207.46,-11.865
"RENTZLER, JOEL C.",45.801,711.98
REO AUDETTE,-235.79,189.18
RETO BACHMANN,-214.17,141.27
RICCARDO DE BONIS,209.62,20.302
RICHARD BOOTH,-122.37,-215.29
RICHARD CURTIN,-98.025,201.62
RICHARD JOHNSON,254.81,-76.228
RICHARD PORTER,127.79,244.16
RICHARD SIEGEL,29.526,-251.78
ROB NELSON,-208.94,-207.16
ROB SAUR,184.43,174.44
ROBERT ELLIOT,-294.99,-144.14
ROBERT FREEMAN,160.89,-284.02
ROBERT O'KEEF,53.706,-191.53
ROBERT OPINI,215.62,-217.92
ROBERT SCHWOB,-20.349,206.47
RODRIGO GUIMARAES,-136.65,38.765
ROGER BOS,424.94,-195.51
ROGER BOWDEN,-269.87,62.979
ROHIT D SOUZA,-48.558,-270.41
RON KWOLEK,137.92,-308.94
RONNIE SHAH,-111.08,120.02
RUI ZHAO,-227.88,138.76
RUOSHAN LI,269.51,40.491
RUSS FULLER,-46.836,41.282
RUSS ROBINS,32.087,69.29
RUSSEL LONG,101.34,-205.77
RUTH FRIEDMAN,-167.57,-2.2426
RUY RIBEIRO,106.85,121.52
RYAN WEEDEN,-63.099,-271.59
RYOICHI YAMABE,-130.2,111.24
"Raaballe, Johannes",-273.29,-45.079
"Raddatz, Claudio E.",100.32,73.899
"Radhakrishna, Balkrishna",-85.773,-311.16
"Radhakrishnan, Suresh",-38.708,-330.78
"Raheja, Charu G.",-173.73,24.74
"Rahi, Rohit",-139.9,-146.93
"Rahiala, Markku",-143.5,103.91
"Rahman, Nahid",-144.81,171.59
"Rai, Ashok",237.11,209.42
"Raith, Michael",-137.35,-202.05
"Rajan, Madhav V.",-70.208,-177.92
"Rajan, Raghuram G.",38.404,-69.642
"Rajan, Uday",-120.32,-97.52
"Rajgopal, Shivaram",-211.26,19.118
"Ramadorai, Tarun",39.179,23.66
"Ramakrishnan, Ram T.S.",-224.69,-211.7
"Raman, Kartik",-209.47,128.01
"Ramaswamy, K. V.",-133.64,74.247
"Ramey, Valerie A.",-85.938,264.24
"Ramnath, Sundaresh",-57.373,-267.72
"Rampini, Adriano A.",129.71,160.12
"Ramseyer, J. Mark",100.69,-63.15
"Ramírez, Gabriel G.",81.211,40.968
"Rancière, Romain",131.24,21.138
"Randl, Otto",131.22,-176.26
"Rangan, Kasturi P.",22.695,-87.745
"Rangan, Nanda K.",52.865,-141.89
"Rangvid, Jesper",-29.509,91.012
"Rapach, David E.",-48.227,286.26
"Raposo, Clara",23.745,-189.08
"Rasche, Robert H.",181.84,136.14
"Rashes, Michael S.",58.712,-134.69
"Rasiel, Emma B.",-219.06,-6.1996
"Rasmusen, Eric Bennett",-127.04,177.6
"Rau, P. Raghavendra",-52.537,-53.296
"Rauh, Joshua D.",39.113,-25.714
"Raupach, Peter",-242.79,63.96
"Ravenna, Federico",-49.012,333.54
"Ravenscraft, David J.",31.131,-291.19
"Ravid, S. Abraham",-134.83,-56.179
"Raviv, Artur",-270.56,-13.879
"Rawski, Thomas G.",133.14,25.757
"Raymar, Steven B.",150.5,6.8519
"Razin, Assaf",178.16,41.807
"Ready, Mark J.",-60.926,-98.1
"Reagan, Patricia B.",-0.27523,-161.73
"Rebello, Michael J.",-63.318,-286.01
"Rebelo, Sérgio T.",-31.928,-186.54
"Rebitzer, James B.",-138.61,-238.13
"Rebonato, Riccardo",20.44,236.8
"Redding, Stephen J.",293.85,-335.47
"Redish, Angela",305.9,128.12
"Reeb, David M.",11.836,-224.55
"Reed, Adam V.",-110.47,7.5042
"Reed, Robert R.",364.76,180.44
"Refenes, Apostolos Paul N.",-8.6292,349.27
"Reichelstein, Stefan J.",-77.744,-267.42
"Reichlin, Lucrezia",106.32,90.209
"Reid, Brian",-210.78,19.647
"Reider, Barbara P.",-238.33,-222.15
"Reinhart, Carmen María",202.08,-23.114
"Reinhart, Vincent Raymond",54.146,10.569
"Reis, Ricardo",-53.304,142.49
"Reiss, Peter C.",-153.46,-117.01
"Reisz, Alexander S.",-65.705,-213.97
"Rema Nadeem, Hanna",41.439,133.91
"Renault, Olivier",14.395,238.53
"Renault, Éric",-95.306,126.48
"Renfro, Charles G.",-333.71,-298.04
"Renneboog, Luc D.R.",-90.899,14.891
"Repullo, Rafael",95.645,-17.037
"Reschreiter, Andreas",695.71,-153.18
"Resnick, Bruce G.",-333.43,-36.533
"Restoy, Fernando",219.38,50.63
"Reuter, Jonathan",-92.324,136.29
"Rey, Hélène",31.277,230.1
"Rey, Patrick",235.49,-148.8
"Reyes, Mario G.",-2.538,353.6
"Rhee, Ghon",36.441,-252.71
"Rhee, Hyuk Jae",268.16,517.53
"Rhoades, Stephen A.",181.67,-233.79
"Rhodes-Kropf, Matthew",-39.702,-57.544
"Rice, Edward M.",-123.89,-84.718
"Rice, Robert C.",-198.89,-39.532
"Richaeds, Anthony J.",192.11,-110.3
"Richardson, Gary",-24.28,-237.44
"Richardson, Matthew P.",-51.815,1.3155
"Richardson, Scott A.",-41.4,-58.005
"Richter, Kai",-891.4,877.68
"Riddick, Leigh A.",16.492,-271.48
"Riddiough, Timothy J.",42.76,-130.2
"Ries, John C.",74.887,133.13
"Rietz, Thomas A.",-235.28,-129.28
"Rigobon, Roberto",62.903,22.272
"Riis, Christian",-41.896,351.1
"Rijken, Herbert A.",-122.53,-13.371
"Rime, Dagfinn",56.377,68.502
"Rindi, Barbara",-59.874,-245.66
"Rindisbacher, Marcel",-287.25,-40.738
"Ringbom, Staffan",-863.67,197.55
"Riordan, Michael H.",-20.584,-190.32
"Ritchken, Peter H.",115.64,-15.016
"Ritter, Jay R.",-24.404,-61.117
"Rivkin, Jan W.",204.85,-91.046
"Riyanto, Yohanes Eko",-151.3,12.129
"Robe, Michel A.",42.173,-117.45
"Roberds, William T.",161.74,29.831
"Roberts, Brian E.",4.3102,383.08
"Roberts, Gordon S.",-61.67,-308.66
"Roberts, John M.",82.284,281.41
"Roberts, Michael R.",-45.158,-52.546
"Robertson, John C.",133.2,128.65
"Robertsson, Göran",-69.534,37.978
"Robins, Russell P.",32.294,-237.54
"Robinson, Breck L.",359.1,-184.98
"Robinson, David T.",-29.078,-44.841
"Robinson, John R.",-267.56,-100.59
"Robinson, Michael J.",-104.09,-404.98
"Rochet, Jean Charles",109.77,-25.629
"Rocheteau, Guillaume",256.43,-215.37
"Rocholl, Jörg",-218.61,-211.05
"Rockafellar, R. Tyrrell",135.35,-409.5
"Rockinger, Michael",-15.497,153.49
"Rockoff, Hugh T.",118.06,-266.29
"Roden, Dianne M.",-91.529,243.06
"Rodrigues, Anthony P.",-137.8,39.713
"Rodriguez, Daniel",-205.74,-166.3
"Rodríguez Mendizábal, Hugo",154.13,130.35
"Rodríguez-Castellanos, Arturo",-32.1,-225.88
"Roe, Mark J.",20.562,-119.19
"Rogalski, RICHARD J.",-174.89,3.9087
"Roger, Benoît",131.93,-8.1115
"Rogers, Daniel A.",-173.73,-95.595
"Rogers, John H.",61.189,202.55
"Rogerson, William P.",60.882,-265.22
"Rogoff, Kenneth S.",250.78,189.03
"Roldós, Jorge E.",-109.62,354.54
"Roll, Richard",-63.326,-37.083
"Romano, Roberta",59.364,-58.395
"Romer, Christina D.",213.25,146.24
"Romer, David H.",173.3,183.74
"Romer, Paul M.",-223.83,3.0116
"Roncoroni, Andrea",-122.66,85.973
"Ronen, Joshua",-135.37,-253.05
"Ronen, Tavy",-229.29,125.51
"Ronn, Ehud Ehud",-150.21,56.002
"Roosenboom, Peter",190.86,-25.771
"Roper, Andrew H.",-64.059,-72.485
"Rosa, Raymond Da Silva",-204.77,280.65
"Rosati, Simonetta",344.65,-132.42
"Rose, Andrew K.",137.66,106.34
"Rose, Lawrence C.",-276.45,-257.36
"Rosen, Corey",-118.14,-250.26
"Rosen, Harvey S.",-160.44,95.806
"Rosen, Richard J.",155.44,-38.369
"Rosenberg, Joshua V.",114.48,-70.176
"Rosengren, Eric S.",147.05,-92.285
"Rosenthal, Jean Laurent",103.9,-119.59
"Rosenthal, Leonard",-260.8,61.889
"Ross, Stephen A.",-1.0709,-3.6489
"Rossi, Paola",389.09,-77.227
"Rossi, Stefano",70.18,-37.474
"Rostagno, Massimo",107.86,386.92
"Roszbach, Kasper",204.14,-93.847
"Rotemberg, Julio J.",81.723,45.592
"Roth, Volker",-962.6,888.32
"Rothaermel, Frank T.",-305.32,-211.41
"Rothschild, Emma",196.2,-280.11
"Rou, Ioanid",-82.463,84.935
"Roubini, Nouriel",169.84,53.326
"Rousseau, Peter L.",122.93,-268.46
"Routledge, Bryan R.",-109.07,-33.605
"Rouwenhorst, K. Geert",-66.184,24.282
"Rovelli, Riccardo",310.98,79.69
"Roy Song, Kyojik",-142.26,-99.339
"Rozeff, Michael S.",47.303,61.563
"Ruback, Richard S.",-72.256,-28.825
"Rubalcava, Arturo",-199.69,-282.11
"Rubinstein, Ariel",-112.49,-214.1
"Rubinstein, Mark E.",12.039,-1.6961
"Rubinstein, Yona",221.7,92.791
"Rubio-Misas, María",139.02,214.19
"Ruckes, Martin E.",92.141,-15.03
"Rudd, Jeremy B.",208.01,123.89
"Rude, Dale E.",-257.55,-295.33
"Rudebusch, Glenn D.",45.006,152.89
"Ruenzi, Stefan",11.363,41.544
"Rui, Oliver",-169.69,-358.97
"Rumble, Adrienne S.",140.01,-76.178
"Rumelt, Richard P.",-16.118,140.59
"Rummer, Marco",-259.74,-125.78
"Russell, Jeffrey R.",-133.95,156.96
"Russo, Domenico",317.3,-35.186
"Rustichini, Aldo",181.25,147.73
"Rusticus, Tjomme O.",-141.95,-49.018
"Ruszczyński, Andrzej",712.6,-882.32
"Rutherford, Ronald C.",18.46,-357.32
"Ryan, Frank J.",-131.3,-45.79
"Ryan, Harley E.",-117.3,-112.54
"Ryan, Stephen G.",274.8,-99.656
"Rydqvist, Kristian",-1.9899,-10.035
"Ryngaert, Michael D.",67.728,-52.372
"Ryser, Marc",45.589,-124.17
"Rysman, Marc S.",-194.06,93.067
"RØisland, Øistein",94.419,289.66
"Rátfai, Attila",162.24,258.38
"Räthke-Döppner, Solvig",831.91,459.53
"Ríos-Rull, José Víctor",24.155,115.61
"Röell, Ailsa A.",86.587,-134.82
"Rødseth, Asbjørn",43.925,203.87
SAIDY BARINAGA,-148.25,-168.75
SANDRO PACE,-188.55,262.59
SANDY DARITY,-222.22,15.338
SANJAY SRIVASTAVA,-255.0,-7.9929
SCOTT BENNER,-190.92,-78.45
SEAN O'CONNOR,358.63,32.139
"SEFCIK, STEPHAN E.",-122.51,27.936
SEKI OBATA,-72.992,141.84
SERGEY SANZHAR,-168.28,49.103
SHAUNA SELVARAJAH,383.64,-138.26
SHAWN HUMPHREY,-176.74,-65.867
SHEEN IYENGAR,-71.158,-231.82
SHELLEY HERBEIN,208.14,94.531
SHERRY EDWARDS,88.664,282.99
SHIGEYUKI SUZUKI,693.42,12.708
SHIKI LEVY,-243.28,32.885
SHIVA SHIVAKUMAR,-31.59,178.59
"SHORES, D.",-65.304,141.12
SIDDHARTHA DE,42.651,243.01
SIMON BENINGA,-268.56,-98.016
SIMON GAO,-429.97,-48.671
SIMON TOPPING,330.84,-45.763
SIMONETTA IANNOTTI,285.41,-37.641
SOETOJO TANUDJAJA,-179.94,65.537
SOMALY BUN,43.854,-269.96
SPENSER CASE,91.875,-301.15
STANLEY KON,-9.0447,88.644
STEFANO RISA,-100.94,174.84
STEPHANIE DUCHEMIN,207.08,-334.29
STEPHANIE HOGUE,79.179,115.71
STEPHEN HAGGARD,-93.47,176.22
STEPHEN JUPP,-50.335,151.32
STEPHEN KING,272.75,-186.12
STEVE KEALHOFER,220.98,-20.001
STEVE MALPEZZI,100.06,-375.2
STEVE PHILLIPS,205.31,-61.378
STEVE QUINN,115.8,-272.47
STEVEN KLEPPER,116.41,4.5987
STEWART C MEYERS,14.608,-245.61
STUART CABLE,-153.02,-212.55
SUBRA SUBRAHMANYAM,-165.47,-263.76
SUMIT JAMUAR,-191.52,-206.19
SURESH PAUL,44.178,-173.3
SURESH SUNDARESAN VYTLACIL,-86.17,-226.83
SVEN-IVAN SUNDQVIST,-72.883,107.82
SVEND JAKOBSEN,352.25,-167.22
SVETLANA SUSSMAN,-192.66,58.885
SYED HARUN,363.73,-23.046
"Saad, Mohsen M.",-185.98,-157.92
"Saar, Gideon",-63.34,-97.882
"Sabherwal, Sanjiv",-244.83,43.218
"Sack, Brian P.",96.984,41.358
"Sade, Orly",-128.25,-93.831
"Sadka, Gil",-258.09,-76.768
"Sadka, Ronnie",-103.31,-41.66
"Sadoulet, Loïc",21.326,-204.19
"Safieddine, Assem M.",2.363,-134.72
"Sagi, Jacob S.",-55.504,47.985
"Sah, Raaj K.",-88.727,51.396
"Sahlström, Petri",-184.42,53.659
"Saidenberg, Marc R.",213.25,-106.47
"Saito, Makoto",364.46,2.422
"Sakellaris, Plutarchos",265.42,124.71
"Sala-i-Martin, Xavier X.",92.448,183.37
"Salas, Vicente",130.35,-11.424
"Salemi, Michael K.",166.93,90.022
"Salleo, Carmelo",113.8,-130.2
"Salva, Carolina",-26.284,-115.54
"Saly, P. Jane",-31.584,-255.22
"Samuelson, Paul A.",-52.083,92.44
"Sand-Zantman, Wilfried",81.699,-265.84
"Sander, Harald",303.32,-200.53
"Sanders, Anthony B.",152.47,-300.77
"Sandow, Sven",346.31,-151.06
"Sandås, Patrik",-83.896,-95.655
"Sanfey, Peter J.",337.86,-203.02
"Sangvinatsos, Antonios",10.195,24.144
"Sankaraguruswamy, Srinivasan",-245.75,86.469
"Sannikov, Yuliy",-147.36,-12.131
"Sansing, Richard C.",-148.39,-59.225
"Santa-Clara, Pedro",-27.339,51.009
"Santhanakrishnan, Mukunthan",-41.855,-225.07
"Santos, João A.C.",114.89,-49.244
"Santos, Manuel S.",-231.89,-31.958
"Santos, Tano J.",-29.903,-3.3571
"Sapienza, Paola",87.719,-34.73
"Saporta, Victoria",301.25,47.706
"Sapp, Travis R.A.",-188.53,-80.103
"Sappington, David E.M.",6.9509,-255.74
"Sapra, Haresh",129.49,-138.2
"Sarantis, Nicholas C.",150.6,-822.32
"Sargent, Thomas J.",44.457,98.841
"Sarig, Oded H.",-122.78,-45.349
"Sarkar, Asani",24.108,-22.382
"Sarkar, Sudipto",37.215,-160.02
"Sarkissian, Sergei",-11.9,-85.943
"Sarno, Lucio",117.68,98.724
"Sarria-Allende, Virginia",-183.07,-249.39
"Sarte, Pierre Daniel G.",115.0,322.0
"Sasaki, Yuri Nagataki",749.56,209.93
"Satchell, Stephen Ellwood",-216.76,219.5
"Sato, Motohiro",-187.07,16.343
"Saunders, Anthony",64.18,-115.2
"Saunders, David",-84.268,333.0
"Saurina, Jesús",123.83,-54.854
"Savin, Nathan E.",-242.03,109.36
"Sawyer, Kim R.",183.89,-108.64
"Sbaraglia, Andrew M.",-259.92,-17.01
"Sbordone, Argia M.",150.42,184.92
"Sbuelz, Alessandro",202.81,-58.461
"Scaillet, Olivier",95.567,327.37
"Scandizzo, Pasquale L.",95.186,-178.74
"Schabert, Andreas",654.95,-530.53
"Schadt, Rudi W.",-104.28,-70.16
"Schaefer, Scott",-79.142,-185.31
"Schaefer, Stephen M.",-121.15,83.077
"Schaling, Eric",128.11,190.19
"Schaller, Huntley",-18.495,154.56
"Schallheim, James S.",-113.94,-150.16
"Scharfstein, David S.",36.013,-52.213
"Schaumburg, Ernst",-162.52,134.62
"Scheinkman, José A.",-10.679,-23.884
"Schellekens, Philip",203.29,192.97
"Schenone, Carola",31.285,-113.8
"Schenzler, Christoph M.",-176.43,-197.23
"Scherbina, Anna",-40.512,-22.403
"Schiantarelli, Fabio",169.0,-40.518
"Schill, Michael J.",-27.591,-67.218
"Schipper, Katherine A.",187.2,124.2
"Schlag, Christian",-263.54,-124.94
"Schlingemann, Frederik P.",-25.75,-82.627
"Schmedders, Karl H.",-190.47,116.54
"Schmeits, Anjolein",55.827,-133.03
"Schmid, Frank A.",240.07,-73.779
"Schmidt, Klaus M.",65.25,-270.2
"Schmidt-Hebbel, Klaus",246.87,23.518
"Schmiedel, Heiko",260.66,178.66
"Schmit, Mathias",167.95,-225.66
"Schmitt-Grohé, Stephanie",363.84,13.743
"Schmitz, Birgit",372.45,-75.725
"Schmukler, Sergio L.",60.498,-1.1663
"Schnabel, Isabel",157.34,15.163
"Schnabl, Gunther",216.86,-235.41
"Schneider, Martin",-168.51,71.01
"Schnitzlein, Charles R.",-8.3757,-260.01
"Schoar, Antoinette",0.5934,-47.722
"Schober, Thomas",-194.81,236.4
"Scholes, Myron S.",-84.78,121.99
"Scholnick, Barry",152.64,-273.89
"Scholtens, Bert",305.87,-10.155
"Schorfheide, Frank",-52.61,119.47
"Schotman, Peter C.",-9.0967,100.55
"Schrand, Catherine M.",-273.0,-94.142
"Schreft, Stacey L.",281.11,-303.93
"Schroder, Mark",-130.74,-217.03
"Schroth, Enrique",81.663,55.485
"Schuermann, Til",128.82,-40.441
"Schuh, Scott D.",286.56,-400.96
"Schultz, Paul Harvey",-55.295,-106.28
"Schumacher, Hans",-234.25,-215.25
"Schwalbach, Joachim",-204.49,115.92
"Schwartz, Alan D.",-149.24,-161.24
"Schwartz, Anna Jacobson",218.54,84.836
"Schwartz, Bill N.",-138.21,-331.52
"Schwartz, Eduardo S.",-153.06,-15.801
"Schwartz, Robert A.",-131.96,160.2
"Schwarz, Michael",-79.276,167.55
"Schwert, G. William",-20.422,-50.029
"Schwienbacher, Armin",-125.35,-154.48
"Schättler, Heinz M.",-160.79,-342.07
"Schöbel, Rainer",-317.77,3.3581
"Schönbucher, Philipp J.",-2.4809,239.61
"Scruggs, John T.",-135.19,5.3279
"Sears, Steve",-343.41,-128.58
"Seasholes, Mark S.",-32.453,-57.481
"Seater, John J.",403.38,335.15
"Secchi, Alessandro",348.26,43.37
"Secola, Stefania",341.64,-141.86
"Seelig, Steven A.",119.32,-270.59
"Segal, Ilya R.",-13.258,179.35
"Segura, Julio",202.79,0.93898
"Seida, Jim A.",-140.47,-139.64
"Seidman, Jeri K.",-164.47,-57.219
"Seidmann, Daniel J.",15.668,177.37
"Selgin, George A.",188.17,-281.09
"Seligman, Jason S.",95.999,-186.75
"Sellin, Peter",-175.28,141.74
"Senbet, Lemma W.",114.81,-88.526
"Sengmueller, Paul",17.783,-197.11
"Sentana, Enrique",113.11,71.727
"Seppi, Duane J.",-84.332,-82.484
"Sequeira, John M.",-235.34,102.4
"Sercu, Piet",-23.476,69.297
"Serfaty-De Medeiros, Karine",8.908,139.22
"Serletis, Apostólos",284.84,335.99
"Servaes, Henri",20.662,-35.17
"Settle, Russell F.",166.46,-320.53
"Sevestre, Patrick",286.29,-72.576
"Sevilir, Merih",72.431,68.987
"Seward, James K.",-67.609,200.21
"Seyhun, H. Nejat",216.67,-42.596
"Seynabou Sakho, Yaye",-166.84,333.19
"Shachat, Jason",416.94,939.96
"Shackelford, Douglas A.",-81.736,-89.058
"Shackelford, Douglas A.",86.563,57.284
"Shackleton, Mark B.",-128.85,-183.65
"Shaffer, Sherrill L.",168.11,-33.597
"Shah, Manju Kedia",171.96,-178.61
"Shahmoradi, Asghar",369.81,368.04
"Shahrur, Husayn",-117.87,-62.826
"Shanken, Jay",-66.87,12.688
"Shanker, Latha",-568.4,-382.32
"Shapiro, Alan C.",-75.842,104.23
"Shapiro, Alexander",-53.788,218.69
"Shapiro, Matthew D.",103.51,158.22
"Sharif, Iffath A.",152.53,-128.86
"Sharpe, Steven A.",138.93,-165.42
"Sharpe, William F.",-165.44,77.834
"Shawky, Hany A.",-223.47,-167.48
"Sheehan, Dennis P.",-182.3,-272.29
"Sheehan, Richard G.",-203.78,-173.14
"Sheen, Jeffrey R.",346.02,143.32
"Sheets, Nathan",207.24,89.996
"Shefrin, Hersh M.",-97.38,-11.242
"Sheikh, Aamer",-16.351,143.84
"Sheldon, George M.",239.83,-137.23
"Shen, Chunghua",596.64,-653.39
"Shephard, Neil G.",-91.763,154.83
"Sherman, Ann Guenther",-58.404,-106.46
"Sheshinski, Eytan",292.57,-275.16
"Shestalova, Victoria",1042.4,348.32
"Shevlin, Terry J.",-188.53,-27.435
"Shi, Charles",-38.792,116.84
"Shi, Lan",-271.69,-159.55
"Shih, Michael",221.98,-117.17
"Shiller, Robert J.",23.78,24.804
"Shilling, James D.",-187.06,106.54
"Shimer, Robert L.",211.11,224.3
"Shin, Geunhwan",75.804,-194.47
"Shin, Hyun Song",90.963,3.5529
"Shin, Yoon",-85.325,-294.04
"Shintani, Mototsugu",18.414,244.12
"Shioji, Etsuro",147.77,349.22
"Shirley, Mary M.",117.1,-125.41
"Shiryaev, Albert N.",-124.87,166.09
"Shivakumar, Lakshmanan",-87.95,20.22
"Shivdasani, Anil",-46.41,-143.54
"Shively, Thomas S.",-247.94,-165.96
"Shleifer, Andrei",22.398,-38.793
"Shneyerov, Artyom A.",-409.99,374.92
"Shockley, Richard L.",108.47,-46.551
"Shoesmith, Gary L.",-235.18,25.654
"Shome, Dilip K.",-218.43,-164.76
"Shore, Stephen H.",-187.17,-5.5327
"Shoven, John B.",23.342,-275.01
"Shrestha, Keshab M.",273.91,-390.45
"Shrider, David G.",-114.18,-281.39
"Shrikhande, Milind M.",-142.85,-62.746
"Shu, Susan",159.61,-21.532
"Shumway, Tyler",-47.121,-57.739
"Shurki, Itzik",165.34,-298.05
"Shy, Oz",-900.27,259.49
"Sialm, Clemens",-59.515,10.124
"Sias, Richard W.",-15.356,-177.5
"Sibert, Anne C.",245.39,335.82
"Sichel, Daniel E.",-3.678,-387.27
"Sick, Gordon A.",-192.78,46.522
"Sickles, Robin C.",278.97,-135.68
"Siddique, Akhtar R.",-84.657,-95.88
"Siegel, Andrew F.",-82.59,-209.1
"Siegel, Daniel R.",139.62,-194.72
"Siegel, Jordan I.",39.053,-18.187
"Sierra, Gregory E.",363.01,-15.718
"Signorini, Luigi Federico",390.38,-50.006
"Siklos, Pierre L.",-7.9784,285.4
"Silber, Simão Davi",290.21,-207.18
"Silber, William L.",35.76,-72.202
"Silva, Jorge M.C.Santos",194.76,148.38
"Simin, Timothy T.",-191.42,-246.63
"Simon, David P.",-321.12,-191.69
"Simonov, Andrei",-7.5335,-4.9932
"Simper, Richard",-789.06,39.96
"Sims, Christopher A.",58.964,98.743
"Sinai, Todd",-91.99,203.44
"Sinclair, Peter J.N.",133.5,205.03
"Singal, Vijay",-197.36,-103.63
"Singer, Ronald F.",-226.99,-323.01
"Singh, Ajai K.",-13.649,-214.39
"Singh, Manohar",954.99,867.35
"Singh, Rajdeep",-29.818,-146.7
"Singleton, Kenneth J.",-52.463,42.21
"Sinha, Atanu R.",-215.13,33.444
"Siniscalchi, Marciano M.",47.215,-261.4
"Sinkey, Joseph F.",17.929,-215.9
"Sinquefield, Rex A.",-135.2,-54.349
"Sironi, Andrea",-167.68,-238.65
"Sirri, Erik R.",-76.22,-51.59
"Siviero, Stefano",280.28,-114.22
"Sjöström, Tomas",238.58,-237.76
"Skarabot, Jure",-166.47,82.583
"Skiadas, Costis",-65.413,170.84
"Skiadopoulos, George",-12.917,130.49
"Skinner, Douglas J.",-22.329,-109.3
"Skoglund, Jimmy",-905.6,-651.68
"Skoulakis, Georgios",-144.99,12.806
"Skrzypacz, Andrzej",-91.685,-262.47
"Sleet, Christopher",219.13,-94.801
"Slezak, Steve L.",-27.211,-13.748
"Slive, Joshua",-160.56,-44.746
"Sloan, Richard G.",45.017,71.061
"Slovin, Myron B.",-235.24,-81.134
"Sluis, Pieter Jelle Van Der",117.51,167.1
"Small, David H.",303.27,132.67
"Smallwood, Aaron D.",-198.11,337.95
"Smart, Scott B.",119.37,-156.28
"Smets, Frank Rafael",198.14,166.39
"Smetters, Kent A.",-287.84,116.66
"Smirlock, Michael L.",-207.38,-129.98
"Smith, Abbie J.",-64.029,-137.44
"Smith, Anthony A.",-33.297,120.45
"Smith, Brian Frederick",-215.17,-353.6
"Smith, Bruce D.",127.27,-95.788
"Smith, Clifford W.",14.76,-173.24
"Smith, Daniel R.",-39.905,198.47
"Smith, David C.",71.14,-63.192
"Smith, Eileen C.",-103.86,-281.99
"Smith, Janet Kiholm",-118.62,-287.93
"Smith, Jeffrey W.",-201.82,-209.35
"Smith, Julie K.",-8.4991,257.81
"Smith, Michael L.",64.918,-6.3922
"Smith, R. Todd",-132.06,369.81
"Smith, Richard L.",-32.738,-162.74
"Smith, Ron P.",-295.19,22.946
"Smith, Stephen D.",144.62,-67.431
"Smith, Tom",-150.09,-114.65
"Smith, Vernon L.",-219.29,-124.87
"Smith, William T.",82.524,-345.09
"Smulders, Sjak A.",-552.26,478.46
"Sniderman, Mark S.",131.57,-281.74
"Sofianos, George",-67.222,-315.83
"Sokobin, Jonathan",91.163,-198.04
"Sokoloff, Kenneth L.",170.5,-212.42
"Sola, Martin",113.55,196.86
"Solnik, Bruno H.",-241.47,-63.254
"Solow, Robert M.",193.36,166.34
"Sommer, Martin",-103.13,337.92
"Song, Fenghua",117.5,-189.2
"Song, Weiling",40.895,-152.43
"Sonnemann, Ulrich",-394.8,-283.89
"Sonnemans, Joep",267.62,128.66
"Sonti, Ramana",-35.764,-126.79
"Sorenson, Olav",127.02,75.292
"Sorescu, Sorin M.",58.536,-253.92
"Sorge, Marco",143.67,-183.14
"Sosner, Nathan",-106.45,-208.21
"Soto, Gloria M.",-972.0,-402.0
"Souleles, Nicholas S.",1.9479,81.775
"Sowell, Fallaw B.",-250.77,17.686
"Spagnolo, Giancarlo",253.82,-9.5693
"Spar, Debora L.",-69.197,-164.94
"Spatt, Chester S.",-76.539,-71.569
"Spaventa, Luigi",90.879,19.526
"Spechler, Martin C.",-100.15,232.48
"Spiegel, Mark M.",235.2,44.955
"Spiegel, Matthew",39.338,-25.619
"Spiegel, Yossi",61.739,-210.24
"Spilimbergo, Antonio",59.888,-231.4
"Spindt, Paul A.",-9.0431,-114.22
"Springer, Thomas M.",29.475,-356.25
"Spronk, Jaap",-276.63,42.735
"Srinivasan, Anand",-221.86,-186.49
"Stafford, Erik",-40.382,12.378
"Stafford, Frank P.",105.03,88.245
"Stahel, Christof W.",-138.32,-113.56
"Stahl, Konrad O.",159.97,-229.73
"Staiger, Douglas O.",230.22,-37.029
"Stambaugh, Robert F.",-33.306,-7.4459
"Stamland, Tommy",148.44,-407.34
"Stanhouse, Bryan E.",-257.12,-187.33
"Stanley, Brooke W.",-61.642,-302.0
"Stanton, Richard Henry",-113.8,120.68
"Stapleton, Richard C.",-28.727,185.12
"Starks, Laura T.",-58.818,-78.667
"Starr, Ross M.",333.76,325.31
"Startz, Richard",-63.059,255.67
"Stasavage, David",287.07,141.64
"Statman, Meir",-93.526,-0.41756
"Stefanescu, Catalina",300.14,96.958
"Stegemoller, Mike A.",-8.3667,-160.68
"Steijvers, Tensie",206.1,-145.38
"Stein, Jeremy C.",9.7643,-47.31
"Stein, Jerome L.",-43.012,339.76
"Stein, Roger M.",-101.56,-246.64
"Steindel, Charles",-35.144,162.77
"Steiner, Thomas Lorenz",-178.82,-389.96
"Steliaros, Michael",209.17,224.18
"Stenbacka, Rune",-828.06,259.96
"Stephan, Paula E.",-242.02,-292.78
"Stephens, Clifford P.",-170.35,-118.37
"Sterken, Elmer",204.2,-46.377
"Stern, Scott",91.546,-122.1
"Stevenson, Howard H.",-122.68,105.1
"Stickney, Clyde P.",-131.11,-143.05
"Stiglitz, Joseph E.",-40.995,-310.85
"Stinebrickner, Todd R.",132.27,370.63
"Stiroh, Kevin J.",127.23,-72.154
"Stivers, Chris T.",-210.84,-205.62
"Stober, Thomas L.",-43.752,-269.69
"Stock, Duane R.",-134.31,-121.68
"Stock, James H.",60.094,46.763
"Stockman, Alan C.",145.58,213.36
"Stoimenov, Pavel A.",-341.48,-207.44
"Stojanovic, Dusan",364.3,-31.649
"Stokes, Jeffrey R.",308.46,-184.74
"Stokey, Nancy L.",12.248,147.65
"Stolin, David",-222.62,-201.61
"Stoll, Hans R.",-128.23,-86.525
"Stomper, Alex",62.122,-230.91
"Stoughton, Neal M.",83.532,-141.66
"Stouraitis, Aris",-103.09,-127.46
"Stowe, John D.",-214.43,-108.18
"Stracca, Livio",438.25,-114.17
"Straetmans, Stefan T.M.",379.03,43.427
"Strahan, Philip E.",59.688,-71.626
"Straub, Roland",346.51,116.43
"Straumann, Daniel",223.78,-140.37
"Strawderman, William Edward",862.33,-722.45
"Strebulaev, Ilya A.",3.5991,-6.4949
"Strickland, Deon",-108.49,117.11
"Strobl, Günter",174.61,-206.36
"Strong, Norman C.",-103.89,93.149
"Stroud, Jonathan R.",-58.732,62.889
"Strömberg, Per",10.095,-52.911
"Stuart, Nathan V.",122.01,-306.05
"Stulz, René M.",-6.7843,-56.28
"Sturm, Jan-Egbert",138.55,-111.34
"Stützer, Michael J.",-88.309,70.243
"Su, Tie",-53.155,-255.95
"Suarez, Gustavo A.",133.05,133.19
"Suarez, Javier",139.44,-32.242
"Subrahmanyam, Avanidhar",-35.175,-46.134
"Subrahmanyam, Marti G.",35.927,49.02
"Subramaniam, Chandra",-42.824,-254.69
"Subramaniam, Venkat",23.724,-128.03
"Subramanian, Ajay",-118.07,-47.592
"Subramanian, Chetan",1047.4,-311.68
"Subramanian, Guhan",79.185,85.5
"Suchard, Jo Ann C.",45.781,113.82
"Sudarsanam, Sudi",-225.09,90.455
"Sufi, Amir",-20.157,160.33
"Sul, Donggyu",236.8,55.536
"Sullivan, Richard J.",171.03,-90.023
"Summer, Martin",114.54,-258.4
"Summerhill, William R.",129.0,-206.88
"Sun, Amy",113.81,-134.0
"Sun, Qian",80.823,35.883
"Sun, Steve",-41.964,-272.51
"Sundaram, Rangarajan K.",-48.785,-6.5547
"Sundaresan, Suresh M.",-0.39667,-117.36
"Sunder, Jayanthi",-158.79,-27.946
"Sundstrom, William A.",323.14,-174.15
"Sung, Jaeyoung",-181.48,-177.69
"Suo, Wulin",-227.57,-152.41
"Suominen, Matti",82.1,11.645
"Sushka, Marie Elizabeth",49.279,158.86
"Susmel, Raul",-299.25,-242.95
"Sussman, Oren",47.119,-152.22
"Suwanaporn, Chodechai",817.08,410.81
"Suzumura, Kotaro",171.38,-297.79
"Sveen, Tommy",76.755,387.7
"Svensson, Lars E.O.",95.414,227.67
"Svenstrup, Mikkel",156.29,-243.57
"Swaminathan, Bhaskaran",-40.086,-47.966
"Swan, Peter L.",63.17,-207.53
"Swank, Job",362.89,-38.073
"Swanson, Charles E.",396.79,-48.96
"Swanson, Eric T.",93.545,125.01
"Sweeney, Richard James",-196.73,132.09
"Swinkels, Jeroen M.",-208.83,-297.21
"Switzer, Lorne N.",-238.45,-259.15
"Sy, Amadou",-99.406,257.5
"Sy, Oumar",149.27,-224.76
"Sylla, Richard",104.48,-210.93
"Szafarz, Ariane",-332.89,0.34451
"Szalay, Dezsö",258.6,-35.398
"Szapáry, György",356.99,-49.537
"Szegö, Giorgio P.",184.04,-100.76
"Szeidl, Adam",185.54,-142.31
"Szewczyk, Samuel H.",77.378,-293.34
"Szimayer, Alexander",-493.13,737.56
"Sánchez, Susana M.",131.52,-138.8
"Sápp, Stephen G.",12.591,50.611
"Säfvenblad, Patrik",-126.21,70.497
"Söderlind, Paul",-20.781,118.64
"Söderström, Ulf",53.843,211.29
"Sørensen, Carsten",59.23,92.276
"Sørensen, Peter Norman",36.238,29.301
TAKASHI MISUMI,665.85,157.68
TAKAYUKI ATAKE,753.85,90.497
TALA TALGASWATTA,22.476,246.19
TAMER ABDELGAWAD,-218.65,-312.8
TATSUYA HIRAMOTO,-123.36,-221.41
TATYANA DUBYOKOV,-76.02,239.87
TED DURANT,293.53,-175.89
TERRI SHELVIN,-177.92,-78.75
THIERRY TIMMERMANS,176.29,174.58
THOMAS DE GARIDEL,-10.066,120.98
THOMAS HALL,143.84,-253.31
THOMAS KITTO,413.54,-224.34
THOMAS KRANTZ,91.356,-1.8171
THOMAS MOSER,153.03,-286.79
TIHOMIR ASPAROUHOVA,-184.14,-157.04
TIHOMIR STUCKA,251.37,-310.08
TIMOTHY HEYMAN,-4.3785,159.61
TIMOTHY VAN ZANDT,270.85,317.93
TODD MILLAY,92.719,104.61
TOM BRADY,256.72,-79.378
TOM KOKKOLA,228.68,-3.5863
TOM THOMAS,-231.61,-302.23
TONNY LYBECK,221.89,175.95
TONY CIOCHETTI,-198.76,92.281
TOSHIHIKO FUKUI,391.33,146.44
TROY ADAIR,186.32,-240.7
TYLER YANG,133.94,-310.98
"Tabalujan, Benny S.",196.2,33.683
"Taber, Christopher R.",-287.98,-202.61
"Taboada, Alvaro G.",-261.18,55.636
"Taci, Anita",239.17,-156.85
"Tadesse, Solomon",-45.712,-302.15
"Taffler, Richard J.",-242.44,59.344
"Taggart, Robert A.",97.121,-57.353
"Tagkalakis, Athanasios O.",309.46,342.57
"Tai, Chusheng",922.0,1038.0
"Takalo, Tuomas",-137.21,787.84
"Takaoka, Sumiko",781.89,38.383
"Takehara, Hitoshi",-142.68,-206.24
"Taliaferro, Ryan",15.988,-13.0
"Tallarini, Thomas D.",-60.134,91.949
"Talley, Eric L.",-143.0,170.88
"Tallis, Ken",-43.568,244.23
"Tallman, Ellis W.",65.792,158.24
"Tambalotti, Andrea",233.83,205.29
"Tan, Kokhui",246.74,-297.84
"Tanner, Sarah",-103.98,199.62
"Tapia, Mikel",936.73,-40.513
"Tapking, Jens",186.81,11.049
"Tarashev, Nikola A.",77.31,72.103
"Tarhan, Vefa",-147.01,1.8483
"Tarkka, Juha",212.71,42.209
"Tate, Geoffrey",58.697,-38.286
"Tauchen, George E.",46.043,84.922
"Tavéra, Christophe",-326.89,32.359
"Tawatnuntachai, Oranee",-239.85,-107.99
"Tawn, Jonathan",-78.547,265.91
"Taylor, Alex P.",210.48,-202.43
"Taylor, Beck A.",-21.203,252.01
"Taylor, Herbert E.",241.61,-104.46
"Taylor, John B.",-279.16,174.19
"Taylor, Lucian A.",-94.801,77.247
"Taylor, Mark P.",-309.58,82.594
"Taylor, Nicholas",332.77,219.27
"Taylor, Stephen J.",69.476,170.9
"Tchistyi, Alexei",-206.11,-107.9
"Teall, John L.",262.43,-101.84
"Tehranian, Hassan",33.27,-113.19
"Telmer, Chris I.",-78.662,81.113
"Ten Raa, Thijs",1113.6,337.68
"Teo, Melvyn",0.23115,21.632
"Teoh, Siewhong Hong",-40.836,-64.551
"Teranishi, Juro",-93.046,359.3
"Teranishi, Yuki",145.23,280.4
"Terberger, Eva",145.32,-212.76
"Terveer, Ingolf",-440.09,-180.09
"Tesar, Linda L.",41.661,23.57
"Tetlock, Paul C.",-117.28,105.55
"Tetlow, Robert J.",124.37,294.58
"Thakor, Anjan V.",60.574,-106.87
"Thaler, Richard H.",-26.172,-2.4263
"Theiler, Ursula A.",115.66,-304.96
"Theissen, Erik",-147.52,-109.29
"Thimann, Christian",399.83,56.06
"Thomas, Charles P.",-73.475,130.61
"Thomas, David Roland",331.69,74.676
"Thomas, Dylan C.",143.85,161.95
"Thomas, Hugh",-133.21,-230.19
"Thomas, Jacob K.",-138.52,-34.173
"Thomas, Randall S.",-158.58,-183.06
"Thomas, Ryland James",163.89,380.7
"Thomas, Sam",110.89,-175.56
"Thomas, Shawn E.",34.202,-116.89
"Thompson, Rex Steve",-10.42,-160.89
"Thompson, Robert B.",-70.46,-237.36
"Thompson, Samuel B.",-8.2581,13.602
"Thompson, Thomas Hall",880.4,148.32
"Thomson, James B.",141.29,-50.24
"Thomson, Thomas A.",113.17,-320.22
"Thorburn, Karin S.",-132.17,-171.36
"Thorley, Steven R.",-190.49,-17.779
"Thornton, Daniel L.",91.877,81.457
"Thosar, Satish",-108.4,-982.32
"Thursby, Jerry G.",-251.9,-282.92
"Thursby, Marie C.",-317.97,-186.49
"Tian, Lihui",246.83,87.553
"Tian, YisongSam",-100.82,-143.36
"Tiao, George C.",-156.05,207.1
"Tibiletti, Luisa",-4.5592,-330.09
"Tice, Sheri",-18.002,-131.63
"Timmermann, Allan G.",-177.44,38.258
"Ting, Christopher",-241.66,69.242
"Tirole, Jean",69.035,-100.2
"Tirtiroǧlu, Doǧan",98.575,-255.48
"Tirtiroǧlu, Ercan",139.93,-281.69
"Titman, Sheridan D.",-23.445,-71.736
"Tiwari, Ashish",-161.33,-4.67
"Tkac, Paula A.",-115.05,-234.88
"Tkatch, Isabel",-217.11,-91.844
"Tobias, Justin L.",-161.51,24.736
"Tobin, James B.",30.626,132.32
"Todd, Petra E.",-88.618,-267.93
"Todd, Steven K.",-73.463,-159.85
"Tommasi, Mariano",-420.67,-802.45
"Tompaidis, Stathis",-43.192,-86.009
"Tompkins, Robert G.",2.7628,210.16
"Tong, Wilson",54.14,165.54
"Tonks, Ian",28.455,-218.41
"Toolsema, Linda A.",203.02,-70.997
"Tootell, Geoffrey M.B.",307.61,-276.2
"Topa, Giorgio",250.66,196.41
"Tornell, Aarón",133.9,35.097
"Torous, Walter N.",-118.62,-133.05
"Torricelli, Costanza",96.709,-265.49
"Toulemonde, Eric",-784.6,-571.68
"Touzi, Nizar",-133.96,160.03
"Townsend, Robert M.",210.03,-126.5
"Trajtenberg, Manuel",-203.42,-190.27
"Trebbi, Francesco",106.49,151.65
"Trede, Mark M.",-349.93,-345.35
"Treutler, Björn Jakob",239.57,13.601
"Treynor, Jack L.",135.9,-197.47
"Trezevant, Robert H.",-72.015,-353.26
"Tribó, Josep A.Tribó",274.55,-110.98
"Trigeorgis, Lenos",-210.47,-298.84
"Tristani, Oreste",-83.874,261.44
"Troege, Michael",-38.01,-240.97
"Trojanowski, Grzegorz",-209.59,110.16
"Trombley, Mark A.",211.9,-105.17
"Trucharte, Carlos",207.57,-22.762
"Trueman, Brett",-193.53,-173.85
"Truman, Edwin M.",284.09,146.26
"Tryon, Ralph W.",217.06,244.13
"Trzcinka, Charles A.",-1.8976,-133.19
"Trépo, Georges X.",-118.57,39.516
"Tsatsaronis, Kostas",185.86,-74.069
"Tsay, Ruey",-94.302,215.58
"Tschoegl, Adrian E.",133.98,-29.291
"Tse, Senyo Y.",109.77,-314.21
"Tse, Yiu Kuen",-62.546,153.74
"Tse, Yiuman K.",-255.84,8.3276
"Tsekrekos, Andrianos E.",-258.0,-250.3
"Tsionas, Mike G.",-179.37,309.41
"Tsuruga, Takayuki",11.107,223.66
"Tsutsui, Yoshiro",-91.242,263.05
"Tsyplakov, Sergey",-43.888,-118.44
"Tu, Jun",-88.957,28.106
"Tucker, Alan L.",-92.232,-68.793
"Tucker, Paul",326.0,88.696
"Tuckman, Bruce",-69.362,98.727
"Tufano, Peter",3.8596,-16.146
"Tuinstra, Jan",211.01,166.35
"Tunaru, Radu S.",-402.15,-312.81
"Tunca, Tunay I.",-155.54,-67.848
"Turnbull, Stuart M.",227.71,-131.01
"Turnovsky, Stephen J.",-576.36,546.61
"Turtle, Harry J.",16.868,-214.37
"Twite, Garry J.",-179.24,-40.188
"Tyrrell, Timothy J.",-336.01,-154.48
UGUR KOYLUOGLU,219.53,-149.21
ULRICH HESS,177.62,-99.093
ULRICH MUELLER-FUNK,-431.67,-206.05
UMBERTO SCHWARZ,101.94,-312.13
"Uchida, Hirofumi",-117.8,255.36
"Udell, Gregory F.",82.546,-68.225
"Udry, Christopher R.",78.135,-82.649
"Ueda, Kazuo",122.3,383.71
"Ueda, Masako",103.98,-32.666
"Uhlig, Harald F.",69.319,40.475
"Uhrig-Homburg, Marliese",-179.31,22.619
"Ukhov, Andrey D.",13.54,88.804
"Uppal, Raman",-13.661,2.3492
"Uribe, Martín N.",280.01,-278.34
"Uryasev, Stan",67.874,-323.4
"Uy, Marilou",198.9,-228.64
VAL LARSEN,-50.988,-309.42
VANCE ANTHONY,-234.65,-124.97
VASSIL KONSTANTINOV,-27.252,155.64
"VERMA, AVINASH K.",128.68,-71.423
VESNA STRASSER,-250.77,26.252
VICTORIO CHU,267.82,-243.39
VIVIEN PULLAR,-119.05,230.11
"Vahey, Shaun P.",56.157,-392.17
"Vale, Bent",228.71,-181.66
"Valente, Giorgio",115.58,99.003
"Valkanov, Rossen",-34.56,43.44
"Vallés, Javier",41.131,233.45
"Van Bommel, Jos",27.429,-185.96
"Van De Velden, Henk",261.26,137.57
"Van Den Assem, Martijn J.",-253.06,95.21
"Van Den Heuvel, Skander J.",77.581,57.397
"Van Den Steen, Eric",44.423,-255.59
"Van Der Voort, Martijn M.",-382.17,-17.184
"Van Der Zwet, Annemarie",367.71,-110.82
"Van Dijk, Mathijs A.",101.79,-227.93
"Van Els, Peter J.A.",154.17,303.51
"Van Horne, James C.",-191.0,81.079
"Van Hyfte, Wim",4.9402,919.96
"Van Lelyveld, Iman",269.34,-44.919
"Van Ness, Robert A.",-139.27,-194.35
"Van Nieuwerburgh, Stijn G.",-40.335,51.356
"Van Norden, Simon",86.797,211.68
"Van Order, Robert A.",38.459,-132.68
"Van Rens, Thijs",218.14,97.85
"Van Vliet, Pim",-162.12,3.8299
"VanHoose, David D.",297.1,-47.762
"Vanden, Joel M.",-85.349,-13.293
"Vander Vennet, Rudi",148.71,-16.204
"Vanini, Paolo",83.035,-160.87
"Vargas, Juan F.",256.21,-63.805
"Vargus, Mark E.",-56.451,-372.12
"Varma, Raj",-44.204,222.63
"Vasicek, Oldrich Alfonso",1141.0,-1022.0
"Vassalou, Maria",-29.586,-11.548
"Vaughan, Mark D.",196.9,4.6999
"Vayanos, Dimitri",-7.8396,24.948
"Vecchi, Michela",299.02,82.883
"Vedolin, Andrea",-208.7,226.23
"Vega, Clara",-92.526,-41.784
"Veiga, Francisco José",-16.263,383.07
"Velasco, Andrés M.",268.47,-301.53
"Veld, Chris",-114.98,-21.744
"Veld-Merkoulova, Yulia V.",-118.21,-18.976
"Veldkamp, Laura L.",-148.29,151.45
"Velk, Thomas",914.74,-441.54
"Vella, Francis",350.83,107.42
"Velu, Raja P.",231.44,855.94
"Vencatachellum, Désiré",200.05,69.152
"Venezia, Itzhak",-266.62,-47.19
"Venkataraman, Kumar",-59.552,-121.24
"Venkateswaran, Anand",-243.08,-77.2
"Venti, Steven F.",6.9339,159.08
"Ventura, Jaume",107.77,189.94
"Verardo, Michela",-252.01,-105.87
"Verbeek, Marno",72.164,57.527
"Verboven, Frank",192.73,-128.76
"Verbrugge, James A.",17.307,-250.82
"Vermaelen, Theo J.",-88.518,-16.057
"Vermeulen, Philip",195.72,-9.6488
"Vermeylen, Koen",87.973,238.15
"Vermilyea, Todd A.",37.81,290.77
"Veronese, Giovanni",201.49,151.77
"Veronesi, Pietro",-14.174,-2.6638
"Verrecchia, Robert E.",-69.714,209.68
"Versijp, Philippe",-199.0,-258.6
"Vesala, Jukka M.",154.7,-23.099
"Vesely, Filip",1164.6,1037.7
"Vestin, David",2.8763,237.17
"Vetsuypens, Michael R.",-127.08,-237.62
"Vetzal, Kenneth R.",939.73,599.49
"Viceira, Luis M.",0.95617,28.052
"Vickers, John S.",248.86,136.65
"Vickery, James",244.67,-148.44
"Vigeland, Robert L.",-76.232,-368.54
"Vigneron, Olivier",-43.076,213.92
"Vijh, Anand M.",-78.244,-203.21
"Villalonga, Belén",16.097,-30.379
"Villas-Boas, J. Miguel",-348.25,-24.448
"Villeneuve, Stéphane",228.59,12.359
"Vinaimont, Tom",-63.111,92.427
"Vincent, Linda",-145.66,-102.39
"Vine, Daniel J.",-66.478,268.61
"Vissing-Jørgensen, Annette",13.779,3.3525
"Visvikis, Ilias D.",-828.6,-871.68
"Viswanathan, Sridhar",-44.161,-63.444
"Vittas, Dimitri",164.15,-141.24
"Vives, Xavier",151.39,25.02
"Vlaar, Peter J.G.",121.03,315.51
"Vladkova-Hollar, Ivanna",205.11,-46.13
"Vlieghe, Gertjan",140.67,86.609
"Volpin, Paolo F.",46.184,-55.148
"Von Eije, Henk",9.551,-241.98
"Von Hagen, Jürgen",110.81,60.057
"Von Nordenflycht, Andrew",22.095,-261.43
"Von Thadden, Ernst Ludwig",97.456,-82.969
"Voordeckers, Wim",211.06,-134.63
"Vora, Premal P.",135.89,-40.746
"Vorkink, Keith P.",-132.19,-67.151
"Vorst, Ton C.F.",-283.87,-29.37
"Vosper, Les",-525.71,-240.52
"Voss, David Albert",1061.3,677.55
"Vredin, Anders",-5.4501,317.47
"Vulpes, Giuseppe",157.15,-38.96
"Vuolteenaho, Tuomo",-21.832,-10.66
"Végh, Carlos A.",-63.35,458.81
WARWICK MOORE,-316.57,9.0356
WILLIAM ALEXANDER,236.96,39.824
WILLIAM BROMWICH,75.659,-387.95
WILLIAM DALE,-220.56,-157.6
WILLIAM OUCHI,-102.45,-214.9
WILLIAM ZEILE,-50.385,-233.84
WILLY FRIEDMANN,355.67,-76.439
WILSON LIU,34.973,-336.98
WJ TSAY,-163.42,202.76
"Wachtel, Paul A.",137.15,-82.481
"Wachter, Jessica A.",8.9018,12.464
"Wagner, Niklas F.",-442.43,720.41
"Wahal, Sunil",-67.817,-26.901
"Wahrenburg, Mark",-267.8,-5.5152
"Waisburd, Andrew C.",-152.35,-197.69
"Wald, John K.",-99.564,-97.053
"Walden, Johan",-136.62,-174.35
"Waldfogel, Joel",92.468,-161.94
"Walker, Mark D.",39.776,-195.19
"Walker, Martin",-193.44,127.1
"Walkling, Ralph A.",-34.966,-111.35
"Wall, Larry D.",148.27,-81.229
"Wallace, Nancy E.",-130.08,-151.87
"Wallace, Wanda A.",-64.065,-36.429
"Waller, Christopher J.",263.62,157.81
"Wallis, John Joseph",256.03,-85.053
"Walsh, Carl E.",-0.59123,233.08
"Walter, Ingo",93.758,128.17
"Walter, Terry S.",275.52,22.811
"Walther, Beverly R.",-105.73,-19.692
"Walz, Uwe",294.28,-34.244
"Wang, Albert Y.",50.337,210.61
"Wang, Ashley W.",-72.377,-14.718
"Wang, Changyun",-237.12,-112.43
"Wang, James J.D.",-20.673,-161.07
"Wang, Jiang",30.907,12.817
"Wang, Kehluh",-729.06,-440.04
"Wang, Kevin Q.",-71.967,24.853
"Wang, Neng",-61.561,-50.524
"Wang, Qinghai",-59.566,-132.24
"Wang, Rong",18.385,-123.05
"Wang, Ruqu",237.39,-343.29
"Wang, Shuilin",187.95,-211.92
"Wang, Steven Shuye",-77.561,-385.48
"Wang, Tan",-36.051,21.751
"Wang, Yong",-205.88,-17.003
"Wang, Z. Jay",-15.995,-90.087
"Wang, Zhenyu",-77.887,-16.433
"Wang, Zhiqiang",-293.23,-211.48
"Wang, Zijun",75.294,249.53
"Warachka, Mitch Craig",-76.48,47.861
"Ward, Damian B.",-423.26,-122.87
"Warga, Arthur D.",-99.705,-176.88
"Warner, Jerold B.",-35.866,16.194
"Warnock, Francis E.",56.47,-90.494
"Warr, Richard S.",27.065,-337.99
"Warther, Vincent A.",0.62324,-113.12
"Washer, Kenneth M.",994.33,-242.45
"Wasserman, Noam",35.092,-196.31
"Watanabe, Tsutomu",123.27,288.38
"Wathieu, Luc",-69.697,77.917
"Watson, Mark W.",28.768,136.9
"Watson, Robert",198.94,-680.04
"Watson, Ronald D.",195.78,-277.83
"Watts, Ross L.",-32.917,85.024
"Waymire, Gregory B.",-32.516,102.58
"Weaver, Daniel G.",-72.037,-243.54
"Webb, David C.",55.826,-178.15
"Webb, Elizabeth R.",37.31,-306.75
"Weber, Elke U.",-150.74,-182.86
"Weber, Martin",58.222,-14.769
"Weber, Stefan",-222.34,-424.31
"Weber, William L.",-847.4,-962.32
"Weder Di Mauro, Beatrice",203.05,-29.808
"Weder, Mark",731.14,-520.99
"Wei, Chao",316.68,54.187
"Wei, Jason Z.",-123.1,-36.83
"Wei, K. C. John",136.47,-67.676
"Wei, Li",-242.13,-172.42
"Wei, Ran",52.069,-229.39
"Wei, Shang Jin",75.113,-15.091
"Wei, Steven",15.704,76.546
"Weidenmier, Marc D.",154.69,-304.72
"Weigand, Jürgen",195.55,-121.74
"Weil, David N.",-56.392,177.17
"Weil, Philippe",19.012,351.24
"Weill, Pierre Olivier",-152.36,148.9
"Weinbaum, David",-91.44,85.967
"Weinberger, Marc G.",248.25,-108.6
"Weiner, Scott M.",242.27,5.8297
"Weinschelbaum, Federico",-267.35,178.28
"Weinstein, David E.",249.58,-223.79
"Weintraub, Daniela B.",245.45,-211.34
"Weisbach, David A.",-148.03,-132.29
"Weisbach, Michael S.",-24.634,-77.411
"Weisbenner, Scott J.",-140.53,-56.905
"Weiss, Ira S.",-165.53,-78.947
"Welch, Ivo V.O.",-32.234,-60.773
"Weld, William C.",-184.91,-55.233
"Wellman, Jay W.",-25.641,-270.7
"Werker, Bas J.M.",-152.54,-67.096
"Wermers, Russ",-90.612,-37.401
"Werner, Cynthia",415.1,229.86
"Werner, Ingrid M.",-21.699,-64.522
"West, Kenneth D.",68.167,174.85
"Westerfield, Mark M.",-13.125,49.072
"Westerfield, Randolph W.",47.792,1.9202
"Westerholm, Peter Joakim",-145.69,-213.54
"Westermann, Frank",186.07,9.883
"Weston, J. Fred",-153.18,-96.271
"Weston, James P.",-2.1875,-81.588
"Whaley, Robert E.",-35.816,-150.38
"Wheatley, Simon M.",-274.87,146.61
"Wheeler, Stephen W.",10.348,-273.01
"Wheelock, David C.",176.67,104.04
"Whelan, Karl T.",212.98,118.71
"Whidbee, David A.",-75.376,-317.54
"Whinston, Michael D.",79.663,-75.578
"White, Alan D.",-167.73,-91.904
"White, Eugene Nelson",145.25,-242.07
"White, Jerry P.",-211.89,82.392
"White, Joshua T.",-63.941,58.194
"White, Lawrence J.",44.371,67.933
"White, Lucy",47.603,-126.49
"White, Ryan C.",-318.89,-6.4209
"Whited, Toni M.",-11.43,-78.91
"Whitelaw, Robert F.",-13.881,0.64858
"Whiteman, Charles H.",75.048,139.38
"Whitesell, William C.",204.2,172.82
"Whyte, Ann Marie",-207.62,-374.26
"Wiberg, Petter",-233.87,182.47
"Wichern, Dean W.",162.12,-242.75
"Wickens, Michael R.",320.91,101.14
"Wieland, Volker W.",176.93,263.82
"Wiener, Zvi",137.02,37.173
"Wiggins, Roy A.",-118.78,-144.07
"Wihlborg, Clas G.",-26.519,-267.99
"Wijkander, Hans",-185.11,298.2
"Wilcox, David W.",166.31,-108.15
"Wilcox, James A.",33.744,-273.9
"Wilde, Tom",274.1,-54.588
"Wilhelm, William J.",-14.185,-81.314
"Wilkens, Sascha",-329.8,-229.97
"Willard, Gregory A.",-72.234,-17.771
"Willemann, Søren",71.849,-406.77
"Willen, Paul S.",-75.407,122.97
"Willesson, Magnus",350.67,-228.04
"Willett, Thomas D.",182.79,-139.26
"Williams, Barry",131.84,-129.98
"Williams, J. Trevor",-40.941,-182.56
"Williams, John Chandler R.",12.306,217.59
"Williams, Jonathan M.",172.13,-79.705
"Williamson, Jeffrey G.",302.73,-79.103
"Williamson, Rohan",20.375,-80.287
"Willing, Jan",-445.6,1028.3
"Willinger, Marc",294.98,226.57
"Willis, Jonathan L.",-150.86,31.383
"Willis, Richard H.",-105.38,-15.108
"Willner, Ram",-83.801,-303.07
"Wilson, John O.S.",173.58,-88.832
"Wilson, Nick",-626.67,-722.45
"Wilson, Paul W.",298.21,85.374
"Wilson, Robert B.",-300.05,-10.729
"Windbichler, Christine",117.95,-34.899
"Windcliff, Heath A.",976.33,537.55
"Winden, Frans Van",-230.6,-84.777
"Windfuhr, Marc",-313.91,26.122
"Winter, Joachim K.",94.876,-270.71
"Winter, Ralph A.",-11.493,92.815
"Winter, Sidney G.",105.44,95.28
"Winters, Drew B.",197.19,-229.08
"Winters, L. Alan",94.574,-188.82
"Winton, Andrew",95.809,-68.383
"Wirjanto, Tony S.",502.14,335.68
"Wisen, Craig H.",-501.86,412.35
"Wohar, Mark E.",-21.533,191.59
"Wohl, Avi",-65.784,-56.544
"Woidtke, Tracie",24.588,-142.5
"Wojakowski, Rafał M.",-164.04,-330.19
"Wolf, Avner S.",21.503,656.89
"Wolf, Jack G.",12.514,-251.46
"Wolfenzon, Daniel",-5.0306,-58.926
"Wolff, Guntram B.",-259.18,110.47
"Wolken, John D.",101.06,-32.377
"Wollmershäuser, Timo",248.07,23.594
"Wolman, Alexander L.",150.7,192.9
"Womack, Kent L.",-25.265,-97.882
"Wong, M. H.Franco",-295.71,-102.64
"Wongswan, Jon",54.26,5.6644
"Woo, Li Anne",-211.0,-247.76
"Woo, Sung J.",32.97,17.663
"Wood, Geoffrey E.",195.94,90.789
"Wood, Robert A.",-1.32,-294.46
"Woodford, Michael",106.39,176.54
"Woodruff, Christopher",115.86,-46.434
"Woodward, Susan E.",-31.677,152.73
"Wooldridge, Jeffrey M.",-103.32,-252.79
"Woosley, Lynn",161.2,-121.4
"Worms, Andreas",284.81,-89.574
"Wright, Jonathan H.",83.936,170.72
"Wright, Julian",-4.603,215.92
"Wright, Peter",339.84,56.118
"Wruck, Karen Hopper",4.0928,-131.39
"Wu, Chunchi",158.08,810.81
"Wu, Eliza",229.98,-218.35
"Wu, George",-115.54,-170.47
"Wu, Guojun",26.526,-94.874
"Wu, Juanjulie",-68.258,-266.41
"Wu, Liuren",-29.688,48.418
"Wu, Shu",-156.67,146.79
"Wu, Stephen",-157.33,101.5
"Wu, Xueping",-66.39,194.42
"Wu, Yangru",-141.72,5.995
"Wu, YiLin",-87.568,-74.535
"Wu, Yujun",115.78,171.55
"Wulf, Julie",61.015,-115.3
"Wurgler, Jeffrey",-15.335,-40.545
"Wuyts, Gunther",201.11,-100.62
"Wyatt, Steve B.",-91.436,-190.63
"Wynne, José",-213.65,-115.59
"Wysocki, Peter D.",95.596,-204.34
XIAOHONG CHEN,-58.325,119.78
XIAOLEI LIU,-54.636,-355.14
"Xia, Yihong",-15.447,8.1358
"Xiao, Jason Zezhong",-426.62,-101.46
"Xie, Hong",161.52,-287.9
"Xing, Yuhang",-44.968,-16.559
"Xiong, Wei",5.0266,-19.704
"Xu, Jin",-188.43,-14.905
"Xu, Lixincolin",165.16,-227.43
"Xu, Xinzhong",-44.949,97.636
"Xu, Yexiao J.",-52.454,-328.9
YANG LI,300.2,137.85
YANQIN FAN,2.6057,343.7
YASU HOSHINO,-68.924,218.77
YONG C JOE,0.3174,-216.34
YOSHIHIRO MIKAMI,-121.04,83.368
YU DU,-218.32,-245.06
YU WANG,-272.35,-44.83
YUL LEE,-345.62,-118.68
YUNGUANG YANG,-199.66,9.6815
"Yadav, Pradeep K.",-79.635,-24.994
"Yaekura, Takashi",-137.89,-210.1
"Yafeh, Yishay P.",50.073,-142.8
"Yalcin, Atakan",-182.49,-129.41
"Yalçin, Cihan",272.43,-1.1637
"Yamada, Yuji",-574.4,-962.32
"Yamai, Yasuhiro",668.6,-962.32
"Yamazaki, Akira",361.03,21.457
"Yan, An",49.234,-109.78
"Yan, Hong",-155.51,93.199
"Yan, Hongjun",-63.571,117.81
"Yan, Jun",-216.24,-13.763
"Yan, Shu",-115.0,-105.14
"Yan, Xuemin Sterling (Sterling)",-25.588,53.439
"Yan, Yuxing",0.92521,201.84
"Yang, Baozhong",-217.0,-58.793
"Yang, Jian",83.946,241.2
"Yang, Jing",184.97,15.518
"Yang, Jun",119.52,-187.36
"Yao, Rui",-73.055,49.427
"Yao, Tong",-115.57,8.5701
"Yaron, Amir",13.356,44.127
"Yasuda, Ayako",42.718,-94.144
"Yasuda, Yukihiro",693.6,243.04
"Yates, Anthony",94.504,378.71
"Yavaş, Abdullah",7.6333,-358.02
"Yavaş, Cemile",-11.491,-448.98
"Yawson, Alfred",-140.51,202.76
"Yeager, Timothy J.",250.79,-2.4717
"Yeh, Yin Hua",57.626,-264.3
"Yellen, Janet L.",188.59,170.83
"Yermack, David L.",1.3269,-106.23
"Yeung, Bernard Y.",15.631,-50.669
"Yi, Keimu",249.74,-28.65
"Yigitbasioglu, Ali Bora",-38.579,328.66
"Yilmaz, Bilge",-128.5,2.9004
"Yilmazer, Tansel",-348.05,-277.58
"Yin, Xiangkang",-287.85,-182.26
"Yogo, Motohiro",8.3809,72.112
"Yohn, Teri Lombardi",-141.83,-227.4
"Yong, Jiongmin",-221.72,64.107
"Yong, Li",-91.59,-53.255
"Yosha, Oved",145.64,-89.974
"Yoshiba, Toshinao",597.4,-951.68
"Yotsuzuka, Toshiki",-161.06,38.962
"Young, Andrew Thomas",110.32,82.112
"Young, Leslie",-9.7826,-277.54
"Young, Martin R.",87.044,179.79
"Young, Michael D.",276.26,286.35
"Young, Steven",-426.84,-1.0324
"Yu, Fan",-137.09,3.9547
"Yu, Jun",-84.315,165.26
"Yu, Lei",-85.807,-132.0
"Yu, Min",-244.98,-70.193
"Yu, Min Teh",-216.6,160.24
"Yu, Qiao",134.52,157.93
"Yu, Susana",-30.615,644.52
"Yu, Tong",-352.04,-72.825
"Yuan, Kathy",16.827,4.7081
"Yun, Tack",-148.49,227.47
"Yung, Chris",-142.59,-188.98
"Zabarankin, Michael",89.567,-422.06
"Zakrajšek, Egon",252.94,-99.542
"Zalewska, Anna",70.427,-39.718
"Zalewski, David A.",256.26,-340.28
"Zamora, Valentina L.",-309.57,22.383
"Zamulin, Oleg",-715.27,1019.5
"Zanardi, Maurizio",379.39,272.83
"Zanetti, Francesco",265.41,272.6
"Zapatero, Fernando",-30.501,24.005
"Zarutskie, Rebecca",53.026,-110.69
"Zebedee, Allan A.",-167.83,-267.9
"Zechner, Josef",172.81,-21.298
"Zeckhauser, Richard J.",215.93,-262.26
"Zein, Jason",133.93,40.33
"Zeldes, Stephen P.",-111.75,55.107
"Zellner, Arnold",-107.42,120.41
"Zemsky, Peter B.",134.87,-34.698
"Zemčík, Petr",-205.04,82.578
"Zender, Jaime F.",-89.7,-48.26
"Zenios, Stavros A.",-18.897,241.56
"Zenner, Marc",98.674,-143.42
"Zettelmeyer, Jeromin",161.42,4.5875
"Zha, Tao",172.94,211.98
"Zhan, Shiqiang",-698.67,817.55
"Zhang, Chu",25.386,41.805
"Zhang, Donghang",-37.707,-211.41
"Zhang, Frank",9.6693,-267.86
"Zhang, Hao",87.782,118.42
"Zhang, Harold H.",-72.643,9.2994
"Zhang, Hua",-277.93,0.11381
"Zhang, Huai",-115.32,-126.95
"Zhang, Jin E.",9.0888,132.63
"Zhang, Lan",-117.11,201.89
"Zhang, Lu",-28.177,7.6147
"Zhang, Qiang",-20.265,194.78
"Zhang, Shaojun",206.39,86.151
"Zhang, X. Frank",-157.93,-71.033
"Zhang, Xiaoyan",-96.184,11.406
"Zhang, Zhe",-22.537,53.478
"Zhao, Feng",-119.41,42.738
"Zhao, Mengxin",-10.44,-166.99
"Zhao, Xinge",-197.82,-116.37
"Zhao, Yonggan",-120.09,323.25
"Zhdanov, Alexei",39.962,-169.62
"Zheng, Harry",918.0,-1042.0
"Zheng, Hui",-299.92,221.44
"Zheng, Lu U.",-57.171,-36.302
"Zhong, Maosen",-18.756,249.57
"Zhou, Bin",-134.86,50.693
"Zhou, Chunsheng",-79.75,-45.552
"Zhou, Guofu",-101.73,-5.7003
"Zhou, Hao",-185.77,-200.63
"Zhou, Jizhong",292.72,-86.472
"Zhou, Su",497.11,79.156
"Zhu, Ning",-9.7788,-120.16
"Zhu, Wuxiang",255.26,72.024
"Zhu, Xiaodong",-735.27,879.49
"Zhu, Zhenhua",35.736,192.27
"Zi, Hongmin",251.29,116.73
"Ziegler, Alexandre",162.84,-308.31
"Ziemba, William T.",-35.377,239.34
"Zigrand, Jean Pierre",198.64,17.399
"Zimmerman, Jerold L.",-117.91,-34.837
"Zin, Stanley E.",-256.53,-48.786
"Zingales, Luigi",-3.411,-48.107
"Zinman, Jonathan",162.86,-88.26
"Zitzewitz, Eric W.",-12.396,-189.25
"Ziv, Amir",-226.11,-48.577
"Zivot, Eric W.",-196.14,123.33
"Zou, Heng-fu",-256.25,-61.006
"Zou, Hong",-342.54,-77.044
"Zuckerman, Ezra W.",18.495,-125.25
"Zurita, Felipe",-165.21,126.85
"Zvinakis, Kristina",276.36,-52.925
"Zwiebel, Jeffrey",-67.706,17.539
"Zábojník, Ján",-55.519,-215.56
"d'Addona, Stefano",-92.446,168.32
"de Paula, Áureo",-147.77,-10.567
"den Haan, Wouter J.",-37.809,175.37
"von Rheinbaben, Joachim",119.07,-203.95
"Ábel, István",235.8,-163.39
"Ács, Zoltán J.",163.29,-94.815
"Çaǧlayan, Mustafa Onur",244.3,139.99
"Çetin, Umut",-205.32,130.53
"Égert, Balázs",256.9,-128.32
"Éstrin, Saul",105.47,-123.39
"Östberg, Per",99.294,-95.244
"Özkan, Aydin",145.16,48.973
"Özkan, Filiz Gulcin",-154.16,224.72
"Ødegaard, Bernt Arne",-9.0477,175.07
"Ünal, Haluk",127.96,-64.044
"Łyziak, Tomasz",403.56,103.22
"Šošić, Vedran",761.94,1020.0
"Švejnar, Jan",88.043,-84.331
